Date,Open,High,Low,Close,Volume,Dividends,Stock Splits,day,year,month
2010-01-04,35.03,35.28,34.67,35.13,6894300,0.0,0,04,2010,1
2010-01-05,35.05,35.39,34.65,35.05,10641200,0.0,0,05,2010,1
2010-01-06,35.39,35.77,35.34,35.62,8399400,0.0,0,06,2010,1
2010-01-07,35.57,36.42,35.44,36.19,8981700,0.18,0,07,2010,1
2010-01-08,36.0,36.62,35.69,36.17,7907700,0.0,0,08,2010,1
2010-01-11,35.99,36.18,35.56,35.75,7396000,0.0,0,11,2010,1
2010-01-12,35.58,36.51,35.56,36.23,12657300,0.0,0,12,2010,1
2010-01-13,36.08,36.42,35.84,36.34,10137200,0.0,0,13,2010,1
2010-01-14,36.25,36.85,36.23,36.8,8238400,0.0,0,14,2010,1
2010-01-15,36.66,36.93,36.23,36.55,13629000,0.0,0,15,2010,1
2010-01-19,36.42,37.12,36.31,37.04,9533800,0.0,0,19,2010,1
2010-01-20,37.01,37.29,36.43,37.06,11643000,0.0,0,20,2010,1
2010-01-21,37.06,37.16,35.81,36.35,16974300,0.0,0,21,2010,1
2010-01-22,35.66,35.77,32.93,33.27,26170800,0.0,0,22,2010,1
2010-01-25,33.71,33.87,32.33,32.58,17587600,0.0,0,25,2010,1
2010-01-26,32.37,33.82,32.35,32.85,15709900,0.0,0,26,2010,1
2010-01-27,32.73,33.49,32.62,33.34,12908300,0.0,0,27,2010,1
2010-01-28,33.34,33.34,31.75,32.27,14148600,0.0,0,28,2010,1
2010-01-29,32.42,33.43,32.21,32.47,14219900,0.0,0,29,2010,1
2010-02-01,32.62,33.03,32.61,32.94,9357100,0.0,0,01,2010,2
2010-02-02,33.35,33.77,33.15,33.64,11273000,0.0,0,02,2010,2
2010-02-03,33.55,33.55,32.93,33.05,10657500,0.0,0,03,2010,2
2010-02-04,32.79,33.26,32.31,32.36,12948000,0.0,0,04,2010,2
2010-02-05,32.47,32.74,31.56,32.63,13024000,0.0,0,05,2010,2
2010-02-08,32.56,32.65,31.71,31.72,9370300,0.0,0,08,2010,2
2010-02-09,32.13,32.62,31.92,32.37,10677400,0.0,0,09,2010,2
2010-02-10,32.4,32.8,31.9,32.55,8880300,0.0,0,10,2010,2
2010-02-11,32.6,33.18,32.31,33.01,9907800,0.0,0,11,2010,2
2010-02-12,32.58,33.23,32.31,33.12,10692600,0.0,0,12,2010,2
2010-02-16,33.46,34.17,33.32,34.16,10961400,0.0,0,16,2010,2
2010-02-17,34.08,34.12,33.47,33.67,9850000,0.0,0,17,2010,2
2010-02-18,33.68,33.86,33.4,33.75,6853400,0.0,0,18,2010,2
2010-02-19,33.53,33.78,33.27,33.68,9412300,0.0,0,19,2010,2
2010-02-22,33.71,33.83,33.43,33.56,7413000,0.0,0,22,2010,2
2010-02-23,33.4,33.4,32.61,32.7,9693800,0.0,0,23,2010,2
2010-02-24,32.85,33.37,32.78,33.12,6412300,0.0,0,24,2010,2
2010-02-25,32.48,32.87,31.94,32.8,8456500,0.0,0,25,2010,2
2010-02-26,32.89,33.04,32.56,32.93,6475500,0.0,0,26,2010,2
2010-03-01,32.93,33.0,32.64,32.87,9137700,0.0,0,01,2010,3
2010-03-02,32.87,33.57,32.85,33.1,9938400,0.0,0,02,2010,3
2010-03-03,33.16,33.58,32.92,33.0,8222000,0.0,0,03,2010,3
2010-03-04,32.98,33.62,32.93,33.53,8899100,0.0,0,04,2010,3
2010-03-05,33.71,34.7,33.71,34.66,10137000,0.0,0,05,2010,3
2010-03-08,34.68,34.78,34.15,34.24,7811600,0.0,0,08,2010,3
2010-03-09,34.09,34.43,33.93,34.23,6764600,0.0,0,09,2010,3
2010-03-10,34.43,34.43,33.9,34.24,7749400,0.0,0,10,2010,3
2010-03-11,34.12,34.62,33.99,34.58,7634600,0.0,0,11,2010,3
2010-03-12,34.9,35.35,34.86,35.14,9464400,0.0,0,12,2010,3
2010-03-15,35.02,35.32,34.55,35.09,7125300,0.0,0,15,2010,3
2010-03-16,35.24,35.37,34.87,35.28,5796900,0.0,0,16,2010,3
2010-03-17,35.5,35.62,35.09,35.36,8941900,0.0,0,17,2010,3
2010-03-18,35.26,35.4,34.9,35.35,5519500,0.0,0,18,2010,3
2010-03-19,34.77,35.59,34.73,34.77,10729300,0.0,0,19,2010,3
2010-03-22,34.4,35.56,34.34,35.42,9194400,0.0,0,22,2010,3
2010-03-23,35.43,35.67,35.19,35.56,8592000,0.0,0,23,2010,3
2010-03-24,35.38,35.75,35.22,35.36,7499900,0.0,0,24,2010,3
2010-03-25,35.67,36.45,35.52,35.71,8716200,0.0,0,25,2010,3
2010-03-26,35.84,36.01,35.27,35.45,6821600,0.0,0,26,2010,3
2010-03-29,35.58,35.93,35.35,35.76,5865400,0.0,0,29,2010,3
2010-03-30,35.77,35.93,35.56,35.75,5561300,0.18,0,30,2010,3
2010-03-31,35.51,36.02,35.36,35.73,6882700,0.0,0,31,2010,3
2010-04-01,36.09,36.28,35.81,36.11,6016300,0.0,0,01,2010,4
2010-04-05,36.22,36.96,36.14,36.95,7857100,0.0,0,05,2010,4
2010-04-06,36.71,37.36,36.63,37.34,7816500,0.0,0,06,2010,4
2010-04-07,37.13,37.55,36.39,36.69,9795100,0.0,0,07,2010,4
2010-04-08,36.56,37.96,36.42,37.83,10438100,0.0,0,08,2010,4
2010-04-09,37.83,38.18,37.7,38.0,6614200,0.0,0,09,2010,4
2010-04-12,38.11,38.6,38.05,38.57,7790800,0.0,0,12,2010,4
2010-04-13,38.44,39.02,38.39,38.96,10940400,0.0,0,13,2010,4
2010-04-14,39.36,40.38,39.16,40.23,14091700,0.0,0,14,2010,4
2010-04-15,40.02,40.42,39.85,40.41,9524200,0.0,0,15,2010,4
2010-04-16,40.26,40.36,38.26,39.05,18333300,0.0,0,16,2010,4
2010-04-19,38.8,39.65,38.65,39.62,10527600,0.0,0,19,2010,4
2010-04-20,39.93,40.08,39.42,40.01,8074900,0.0,0,20,2010,4
2010-04-21,39.97,40.16,39.4,39.82,7741700,0.0,0,21,2010,4
2010-04-22,39.54,40.79,39.12,40.5,12864900,0.0,0,22,2010,4
2010-04-23,41.49,42.59,41.27,41.61,17470200,0.0,0,23,2010,4
2010-04-26,40.8,41.54,40.53,40.82,11163600,0.0,0,26,2010,4
2010-04-27,40.45,41.12,39.49,39.65,11299500,0.0,0,27,2010,4
2010-04-28,40.03,40.15,39.42,39.9,9533700,0.0,0,28,2010,4
2010-04-29,40.38,41.4,40.19,41.22,12613700,0.0,0,29,2010,4
2010-04-30,41.15,41.59,39.66,39.94,14019700,0.0,0,30,2010,4
2010-05-03,40.01,41.02,39.94,40.87,7564200,0.0,0,03,2010,5
2010-05-04,40.44,40.52,39.36,39.71,10577700,0.0,0,04,2010,5
2010-05-05,39.32,40.0,38.04,38.47,15037800,0.0,0,05,2010,5
2010-05-06,38.4,39.09,34.78,36.8,22510800,0.0,0,06,2010,5
2010-05-07,36.58,37.1,35.07,35.16,30788700,0.0,0,07,2010,5
2010-05-10,37.23,37.49,36.86,37.31,16791900,0.0,0,10,2010,5
2010-05-11,37.05,38.33,36.84,37.52,12343200,0.0,0,11,2010,5
2010-05-12,37.72,38.28,37.39,38.19,9824700,0.0,0,12,2010,5
2010-05-13,37.97,38.15,36.99,37.07,10075400,0.0,0,13,2010,5
2010-05-14,36.39,36.46,34.69,35.19,27485400,0.0,0,14,2010,5
2010-05-17,35.72,36.14,34.46,35.69,15067500,0.0,0,17,2010,5
2010-05-18,35.99,36.14,34.0,34.5,18848000,0.0,0,18,2010,5
2010-05-19,34.07,35.31,33.89,34.78,15596900,0.0,0,19,2010,5
2010-05-20,34.35,35.13,33.39,33.44,19590900,0.0,0,20,2010,5
2010-05-21,32.53,34.69,32.35,34.48,18743300,0.0,0,21,2010,5
2010-05-24,34.56,34.64,33.71,33.81,10313800,0.0,0,24,2010,5
2010-05-25,32.87,33.77,32.56,33.77,14758200,0.0,0,25,2010,5
2010-05-26,34.17,34.34,32.87,33.05,13489100,0.0,0,26,2010,5
2010-05-27,33.8,35.0,33.8,34.92,14744100,0.0,0,27,2010,5
2010-05-28,34.78,35.25,34.25,34.52,12494000,0.0,0,28,2010,5
2010-06-01,33.93,34.9,33.81,33.94,12525800,0.0,0,01,2010,6
2010-06-02,34.17,35.5,33.77,35.48,16206600,0.0,0,02,2010,6
2010-06-03,35.77,35.82,34.79,35.1,8858400,0.0,0,03,2010,6
2010-06-04,34.18,34.49,33.08,33.26,13697400,0.0,0,04,2010,6
2010-06-07,33.5,33.81,32.57,32.65,11251100,0.0,0,07,2010,6
2010-06-08,32.85,33.36,32.15,33.28,11586000,0.0,0,08,2010,6
2010-06-09,33.62,33.98,32.88,33.0,12270200,0.0,0,09,2010,6
2010-06-10,33.51,34.74,33.49,34.66,11784300,0.0,0,10,2010,6
2010-06-11,34.2,34.81,34.06,34.75,7805300,0.0,0,11,2010,6
2010-06-14,35.04,35.23,34.52,34.54,8484900,0.0,0,14,2010,6
2010-06-15,35.03,36.06,34.79,36.01,10114800,0.0,0,15,2010,6
2010-06-16,35.88,36.81,35.67,36.66,11552200,0.0,0,16,2010,6
2010-06-17,36.97,37.0,35.89,36.42,8013300,0.0,0,17,2010,6
2010-06-18,36.49,36.59,36.08,36.39,9287500,0.0,0,18,2010,6
2010-06-21,37.03,37.36,36.39,36.89,12073600,0.0,0,21,2010,6
2010-06-22,36.92,37.17,36.23,36.32,9893800,0.0,0,22,2010,6
2010-06-23,36.36,36.78,35.61,36.52,9454100,0.0,0,23,2010,6
2010-06-24,36.21,36.66,35.45,35.55,9669400,0.0,0,24,2010,6
2010-06-25,35.94,36.95,35.45,36.95,23429700,0.0,0,25,2010,6
2010-06-28,36.82,37.01,36.2,36.46,8870400,0.0,0,28,2010,6
2010-06-29,35.93,35.97,34.42,34.71,12254700,0.0,0,29,2010,6
2010-06-30,34.64,35.31,34.43,34.53,8975500,0.18,0,30,2010,6
2010-07-01,34.4,34.86,33.42,34.34,8747200,0.0,0,01,2010,7
2010-07-02,34.63,34.7,33.84,34.29,6928100,0.0,0,02,2010,7
2010-07-06,34.93,35.08,33.7,34.11,10308600,0.0,0,06,2010,7
2010-07-07,33.98,35.85,33.94,35.79,12115800,0.0,0,07,2010,7
2010-07-08,36.27,36.69,36.02,36.64,11511600,0.0,0,08,2010,7
2010-07-09,36.63,37.06,36.47,37.04,8292400,0.0,0,09,2010,7
2010-07-12,36.88,37.37,36.75,37.25,6981200,0.0,0,12,2010,7
2010-07-13,37.64,38.65,37.63,38.42,8623100,0.0,0,13,2010,7
2010-07-14,38.23,38.42,37.64,38.01,7158100,0.0,0,14,2010,7
2010-07-15,38.25,38.27,36.83,37.78,9838400,0.0,0,15,2010,7
2010-07-16,37.49,37.55,35.88,35.99,14179100,0.0,0,16,2010,7
2010-07-19,36.1,36.39,35.19,36.17,7378200,0.0,0,19,2010,7
2010-07-20,35.55,36.72,35.45,36.58,7589600,0.0,0,20,2010,7
2010-07-21,36.8,37.1,35.66,35.79,9540600,0.0,0,21,2010,7
2010-07-22,36.42,37.83,36.32,37.57,10875300,0.0,0,22,2010,7
2010-07-23,37.52,39.03,37.03,38.96,15324900,0.0,0,23,2010,7
2010-07-26,38.98,39.62,38.91,39.52,9498300,0.0,0,26,2010,7
2010-07-27,39.66,39.73,38.53,38.75,10163600,0.0,0,27,2010,7
2010-07-28,38.79,39.12,38.45,38.78,6399900,0.0,0,28,2010,7
2010-07-29,38.93,39.14,38.27,38.76,7116900,0.0,0,29,2010,7
2010-07-30,38.05,39.05,38.05,38.83,7333600,0.0,0,30,2010,7
2010-08-02,39.15,39.32,38.95,39.13,9555200,0.0,0,02,2010,8
2010-08-03,39.0,39.14,38.63,38.79,7290400,0.0,0,03,2010,8
2010-08-04,38.92,39.18,37.92,38.37,15944000,0.0,0,04,2010,8
2010-08-05,38.07,38.27,37.31,37.59,12460900,0.0,0,05,2010,8
2010-08-06,37.02,37.84,36.96,37.84,8052700,0.0,0,06,2010,8
2010-08-09,38.11,38.32,37.72,38.05,5085000,0.0,0,09,2010,8
2010-08-10,37.57,38.46,37.48,38.35,8527900,0.0,0,10,2010,8
2010-08-11,37.67,37.74,37.27,37.37,10159600,0.0,0,11,2010,8
2010-08-12,36.98,37.37,36.58,36.66,8676100,0.0,0,12,2010,8
2010-08-13,36.62,36.81,36.29,36.3,6453400,0.0,0,13,2010,8
2010-08-16,36.12,36.5,35.91,36.13,7156200,0.0,0,16,2010,8
2010-08-17,36.43,36.54,36.07,36.31,8561600,0.0,0,17,2010,8
2010-08-18,36.3,36.44,35.77,36.26,8703300,0.0,0,18,2010,8
2010-08-19,36.05,36.12,35.58,35.63,9474700,0.0,0,19,2010,8
2010-08-20,35.66,35.72,34.85,35.45,7878500,0.0,0,20,2010,8
2010-08-23,35.62,35.62,34.94,34.97,5156000,0.0,0,23,2010,8
2010-08-24,34.55,34.78,34.13,34.42,7564200,0.0,0,24,2010,8
2010-08-25,34.26,34.74,34.04,34.62,6409300,0.0,0,25,2010,8
2010-08-26,34.81,35.12,34.32,34.56,6936400,0.0,0,26,2010,8
2010-08-27,34.79,35.6,34.41,35.58,7486500,0.0,0,27,2010,8
2010-08-30,35.39,35.59,34.68,34.7,5103100,0.0,0,30,2010,8
2010-08-31,34.56,35.13,34.33,34.68,8312900,0.0,0,31,2010,8
2010-09-01,35.27,35.97,35.09,35.72,7717300,0.0,0,01,2010,9
2010-09-02,35.9,35.91,34.85,35.56,11712500,0.0,0,02,2010,9
2010-09-03,35.92,36.38,35.85,36.36,10887700,0.0,0,03,2010,9
2010-09-07,36.08,36.12,34.83,34.87,9780700,0.0,0,07,2010,9
2010-09-08,35.08,35.37,34.58,34.85,9172200,0.0,0,08,2010,9
2010-09-09,35.45,35.71,34.85,35.39,7918400,0.0,0,09,2010,9
2010-09-10,35.42,35.42,34.78,34.96,7389300,0.0,0,10,2010,9
2010-09-13,35.45,36.02,35.36,35.85,8239600,0.0,0,13,2010,9
2010-09-14,35.63,35.78,34.93,35.12,9461300,0.0,0,14,2010,9
2010-09-15,34.88,35.61,34.62,35.53,7993000,0.0,0,15,2010,9
2010-09-16,35.48,35.77,35.3,35.63,7239800,0.0,0,16,2010,9
2010-09-17,35.7,36.08,35.36,35.98,29144100,0.0,0,17,2010,9
2010-09-20,36.15,37.65,36.15,37.51,11751400,0.0,0,20,2010,9
2010-09-21,37.54,37.73,37.11,37.21,9322100,0.0,0,21,2010,9
2010-09-22,36.98,37.52,36.66,37.22,11372900,0.0,0,22,2010,9
2010-09-23,36.85,37.4,36.72,36.85,8687600,0.0,0,23,2010,9
2010-09-24,37.32,37.6,37.12,37.52,10150200,0.0,0,24,2010,9
2010-09-27,37.62,38.1,37.18,37.79,9272600,0.0,0,27,2010,9
2010-09-28,37.84,38.16,37.37,38.0,6560500,0.0,0,28,2010,9
2010-09-29,37.84,38.21,37.21,37.41,7914500,0.0,0,29,2010,9
2010-09-30,37.71,37.84,36.52,36.56,12293300,0.0,0,30,2010,9
2010-10-01,36.85,37.02,36.14,36.34,10672000,0.0,0,01,2010,10
2010-10-04,36.18,36.35,33.64,33.97,38499800,0.0,0,04,2010,10
2010-10-05,34.18,34.21,32.47,33.3,68417100,0.0,0,05,2010,10
2010-10-06,33.61,33.8,33.14,33.23,21059200,0.18,0,06,2010,10
2010-10-07,33.37,33.37,33.01,33.05,18598200,0.0,0,07,2010,10
2010-10-08,33.1,33.36,32.85,33.2,13339900,0.0,0,08,2010,10
2010-10-11,33.36,33.6,33.12,33.16,10914000,0.0,0,11,2010,10
2010-10-12,33.16,33.87,33.12,33.68,19989300,0.0,0,12,2010,10
2010-10-13,34.01,34.83,33.86,34.31,19502400,0.0,0,13,2010,10
2010-10-14,34.19,34.62,34.09,34.47,14643600,0.0,0,14,2010,10
2010-10-15,34.74,34.78,34.11,34.16,14884400,0.0,0,15,2010,10
2010-10-18,34.09,34.59,33.86,34.56,9998000,0.0,0,18,2010,10
2010-10-19,34.42,35.28,34.21,34.35,18099000,0.0,0,19,2010,10
2010-10-20,34.52,34.9,34.4,34.72,9239800,0.0,0,20,2010,10
2010-10-21,34.75,35.26,34.63,35.19,12490900,0.0,0,21,2010,10
2010-10-22,35.31,35.39,34.05,34.11,17323300,0.0,0,22,2010,10
2010-10-25,34.16,34.68,33.98,34.35,13588100,0.0,0,25,2010,10
2010-10-26,34.21,35.18,34.21,35.04,12277500,0.0,0,26,2010,10
2010-10-27,34.69,35.65,34.63,35.55,15618200,0.0,0,27,2010,10
2010-10-28,35.75,36.35,35.71,36.02,14756000,0.0,0,28,2010,10
2010-10-29,35.91,36.25,35.75,36.23,9598200,0.0,0,29,2010,10
2010-11-01,36.26,36.68,36.14,36.32,8457400,0.0,0,01,2010,11
2010-11-02,36.66,37.22,36.57,37.05,9220100,0.0,0,02,2010,11
2010-11-03,37.05,37.19,36.23,36.77,11769800,0.0,0,03,2010,11
2010-11-04,37.26,38.38,36.92,38.22,13169100,0.0,0,04,2010,11
2010-11-05,38.11,38.69,38.11,38.51,13061800,0.0,0,05,2010,11
2010-11-08,38.17,38.45,37.89,38.37,7666200,0.0,0,08,2010,11
2010-11-09,38.44,38.5,37.75,37.89,9341600,0.0,0,09,2010,11
2010-11-10,38.04,38.16,37.61,38.07,9757300,0.0,0,10,2010,11
2010-11-11,37.87,38.05,37.59,37.88,5849600,0.0,0,11,2010,11
2010-11-12,37.52,37.86,37.05,37.32,7077300,0.0,0,12,2010,11
2010-11-15,37.54,37.9,37.26,37.32,6154700,0.0,0,15,2010,11
2010-11-16,36.97,37.27,36.26,36.64,11415900,0.0,0,16,2010,11
2010-11-17,36.62,36.78,36.19,36.19,9637400,0.0,0,17,2010,11
2010-11-18,36.61,37.16,36.61,36.92,8071400,0.0,0,18,2010,11
2010-11-19,36.84,37.4,36.68,37.36,7480900,0.0,0,19,2010,11
2010-11-22,37.12,37.36,36.58,36.9,7627200,0.0,0,22,2010,11
2010-11-23,36.42,36.87,36.36,36.66,10406800,0.0,0,23,2010,11
2010-11-24,37.15,37.63,37.0,37.58,6727300,0.0,0,24,2010,11
2010-11-26,37.14,37.26,36.94,36.94,3000000,0.0,0,26,2010,11
2010-11-29,36.78,37.96,36.59,37.87,10380700,0.0,0,29,2010,11
2010-11-30,37.36,37.93,37.25,37.77,9393300,0.0,0,30,2010,11
2010-12-01,38.31,38.87,38.18,38.72,15223000,0.0,0,01,2010,12
2010-12-02,38.81,39.39,38.67,39.31,10935900,0.0,0,02,2010,12
2010-12-03,39.03,39.33,38.82,39.22,9132700,0.0,0,03,2010,12
2010-12-06,39.03,39.38,38.93,39.33,6598900,0.0,0,06,2010,12
2010-12-07,39.73,39.89,39.1,39.13,9696300,0.0,0,07,2010,12
2010-12-08,39.24,39.89,39.15,39.88,8570200,0.0,0,08,2010,12
2010-12-09,40.02,40.11,39.58,40.03,7024100,0.0,0,09,2010,12
2010-12-10,39.99,40.51,39.98,40.43,8216100,0.0,0,10,2010,12
2010-12-13,40.61,40.88,40.32,40.52,8300100,0.0,0,13,2010,12
2010-12-14,40.45,40.87,40.27,40.38,5773000,0.0,0,14,2010,12
2010-12-15,40.28,40.88,40.03,40.31,7353200,0.0,0,15,2010,12
2010-12-16,40.27,40.56,38.92,38.95,15388500,0.0,0,16,2010,12
2010-12-17,38.88,39.19,38.33,38.46,17301100,0.0,0,17,2010,12
2010-12-20,38.09,39.2,36.05,37.14,31617900,0.0,0,20,2010,12
2010-12-21,37.55,37.93,37.4,37.78,10308500,0.0,0,21,2010,12
2010-12-22,37.82,37.92,37.25,37.41,7719100,0.0,0,22,2010,12
2010-12-23,37.61,37.88,37.2,37.38,4830600,0.0,0,23,2010,12
2010-12-27,37.33,37.8,37.24,37.62,4485000,0.0,0,27,2010,12
2010-12-28,37.58,37.68,37.19,37.4,4017400,0.0,0,28,2010,12
2010-12-29,37.4,37.56,37.25,37.46,3253700,0.0,0,29,2010,12
2010-12-30,37.37,37.43,37.09,37.15,4374400,0.0,0,30,2010,12
2010-12-31,37.15,37.55,37.05,37.51,3464000,0.0,0,31,2010,12
2011-01-03,37.84,38.12,37.68,37.93,7633300,0.0,0,03,2011,1
2011-01-04,38.81,38.81,37.75,38.41,14066300,0.0,0,04,2011,1
2011-01-05,38.69,39.63,38.53,39.52,10655300,0.18,0,05,2011,1
2011-01-06,39.82,40.02,39.01,39.25,6347100,0.0,0,06,2011,1
2011-01-07,39.43,39.45,38.61,38.93,6387800,0.0,0,07,2011,1
2011-01-10,38.79,39.17,38.62,39.01,5468000,0.0,0,10,2011,1
2011-01-11,39.47,39.87,39.31,39.52,5924200,0.0,0,11,2011,1
2011-01-12,39.87,40.18,39.34,39.49,8155000,0.0,0,12,2011,1
2011-01-13,39.32,39.8,39.27,39.54,6362700,0.0,0,13,2011,1
2011-01-14,39.43,40.86,39.4,40.59,10660800,0.0,0,14,2011,1
2011-01-18,40.39,40.99,40.19,40.69,8069500,0.0,0,18,2011,1
2011-01-19,39.66,40.1,39.31,39.7,14420900,0.0,0,19,2011,1
2011-01-20,39.26,40.06,39.23,39.73,7581200,0.0,0,20,2011,1
2011-01-21,40.16,40.54,39.94,40.37,8736100,0.0,0,21,2011,1
2011-01-24,40.41,40.61,39.88,40.18,9244200,0.0,0,24,2011,1
2011-01-25,39.37,39.71,38.78,39.31,16089200,0.0,0,25,2011,1
2011-01-26,39.41,39.44,39.01,39.01,8081800,0.0,0,26,2011,1
2011-01-27,39.04,39.3,38.63,39.09,8068400,0.0,0,27,2011,1
2011-01-28,39.09,39.14,38.1,38.49,9940200,0.0,0,28,2011,1
2011-01-31,38.73,38.81,37.98,38.07,9931600,0.0,0,31,2011,1
2011-02-01,38.21,38.51,37.94,38.26,11408800,0.0,0,01,2011,2
2011-02-02,38.08,38.66,38.02,38.37,6849000,0.0,0,02,2011,2
2011-02-03,38.3,38.38,37.87,38.2,5189000,0.0,0,03,2011,2
2011-02-04,38.2,38.52,37.89,38.45,6105600,0.0,0,04,2011,2
2011-02-07,38.58,39.58,38.51,39.33,9379400,0.0,0,07,2011,2
2011-02-08,39.19,40.34,39.16,40.26,9824500,0.0,0,08,2011,2
2011-02-09,40.02,40.41,39.66,40.12,8703600,0.0,0,09,2011,2
2011-02-10,40.07,40.88,39.8,40.87,9216500,0.0,0,10,2011,2
2011-02-11,40.6,41.06,40.58,41.02,6606800,0.0,0,11,2011,2
2011-02-14,40.73,41.18,40.59,40.82,5271300,0.0,0,14,2011,2
2011-02-15,40.8,41.11,40.28,40.53,5536200,0.0,0,15,2011,2
2011-02-16,40.73,41.17,40.6,41.12,7012900,0.0,0,16,2011,2
2011-02-17,40.85,40.96,40.09,40.17,10739300,0.0,0,17,2011,2
2011-02-18,40.02,40.08,39.62,39.95,12469400,0.0,0,18,2011,2
2011-02-22,39.44,39.59,38.67,38.87,9228600,0.0,0,22,2011,2
2011-02-23,38.79,39.07,37.74,38.12,9903200,0.0,0,23,2011,2
2011-02-24,37.98,38.57,37.76,38.23,10576300,0.0,0,24,2011,2
2011-02-25,38.25,38.41,37.8,38.2,9931000,0.0,0,25,2011,2
2011-02-28,38.37,38.57,38.0,38.23,9023700,0.0,0,28,2011,2
2011-03-01,38.35,38.56,37.83,37.87,8848900,0.0,0,01,2011,3
2011-03-02,37.79,38.1,37.51,37.75,7159400,0.0,0,02,2011,3
2011-03-03,38.11,39.0,38.11,38.87,7576300,0.0,0,03,2011,3
2011-03-04,38.93,39.21,37.92,38.37,6368800,0.0,0,04,2011,3
2011-03-07,38.49,39.12,38.2,38.36,7628900,0.0,0,07,2011,3
2011-03-08,38.58,39.96,38.53,39.7,10814000,0.0,0,08,2011,3
2011-03-09,39.66,39.81,39.16,39.53,5807500,0.0,0,09,2011,3
2011-03-10,39.14,39.21,38.41,38.63,6888200,0.0,0,10,2011,3
2011-03-11,38.42,38.88,38.33,38.86,6420000,0.0,0,11,2011,3
2011-03-14,38.49,38.8,37.93,38.53,6206600,0.0,0,14,2011,3
2011-03-15,37.69,38.58,37.37,38.3,7581000,0.0,0,15,2011,3
2011-03-16,38.06,38.36,37.02,37.17,10406000,0.0,0,16,2011,3
2011-03-17,37.75,38.14,37.61,38.1,7698800,0.0,0,17,2011,3
2011-03-18,38.67,39.02,38.34,38.76,9834900,0.0,0,18,2011,3
2011-03-21,39.27,39.37,38.7,38.89,5322100,0.0,0,21,2011,3
2011-03-22,38.93,39.49,38.73,39.27,6739600,0.0,0,22,2011,3
2011-03-23,39.16,39.59,39.01,39.51,6120200,0.0,0,23,2011,3
2011-03-24,39.71,40.02,39.24,40.01,6425000,0.0,0,24,2011,3
2011-03-25,39.98,40.02,39.6,40.01,6156800,0.0,0,25,2011,3
2011-03-28,39.96,40.45,39.94,40.12,5352700,0.0,0,28,2011,3
2011-03-29,40.09,40.36,39.79,40.06,5005800,0.0,0,29,2011,3
2011-03-30,40.42,40.62,40.12,40.29,5542200,0.0,0,30,2011,3
2011-03-31,40.22,40.37,39.59,39.66,5997300,0.0,0,31,2011,3
2011-04-01,40.1,40.16,39.66,39.8,5877600,0.0,0,01,2011,4
2011-04-04,40.02,40.04,39.62,39.86,4362700,0.0,0,04,2011,4
2011-04-05,39.7,40.02,39.58,39.86,4883700,0.0,0,05,2011,4
2011-04-06,40.17,40.89,40.1,40.77,8119100,0.18,0,06,2011,4
2011-04-07,40.7,40.85,40.27,40.67,7490500,0.0,0,07,2011,4
2011-04-08,40.74,40.96,40.47,40.77,5335100,0.0,0,08,2011,4
2011-04-11,40.84,41.36,40.74,40.86,5779400,0.0,0,11,2011,4
2011-04-12,40.72,40.91,40.37,40.54,5950300,0.0,0,12,2011,4
2011-04-13,40.81,41.05,40.37,40.61,5534600,0.0,0,13,2011,4
2011-04-14,40.46,40.62,40.17,40.42,4964600,0.0,0,14,2011,4
2011-04-15,40.61,40.96,40.4,40.75,6837700,0.0,0,15,2011,4
2011-04-18,40.39,40.69,39.88,40.58,7026000,0.0,0,18,2011,4
2011-04-19,40.61,41.26,40.36,41.09,7585000,0.0,0,19,2011,4
2011-04-20,41.31,41.83,41.2,41.41,8308100,0.0,0,20,2011,4
2011-04-21,40.94,41.68,40.19,41.5,11841400,0.0,0,21,2011,4
2011-04-25,41.58,41.85,41.43,41.45,5015100,0.0,0,25,2011,4
2011-04-26,41.5,41.62,41.21,41.5,5500000,0.0,0,26,2011,4
2011-04-27,41.54,42.04,41.35,41.95,4900700,0.0,0,27,2011,4
2011-04-28,41.89,42.79,41.63,42.75,8521700,0.0,0,28,2011,4
2011-04-29,42.58,43.3,42.56,43.24,8551400,0.0,0,29,2011,4
2011-05-02,43.5,43.88,43.48,43.74,8949500,0.0,0,02,2011,5
2011-05-03,43.75,44.13,43.7,43.96,8800500,0.0,0,03,2011,5
2011-05-04,44.01,44.05,43.52,43.79,8252200,0.0,0,04,2011,5
2011-05-05,43.64,44.02,43.38,43.63,9298000,0.0,0,05,2011,5
2011-05-06,43.96,44.46,43.89,44.23,8663300,0.0,0,06,2011,5
2011-05-09,44.1,44.42,43.99,44.22,6289300,0.0,0,09,2011,5
2011-05-10,44.42,44.46,44.0,44.2,6517900,0.0,0,10,2011,5
2011-05-11,44.17,44.23,43.82,43.9,6508900,0.0,0,11,2011,5
2011-05-12,43.87,43.87,43.36,43.65,7900000,0.0,0,12,2011,5
2011-05-13,43.85,44.04,43.43,43.6,8195300,0.0,0,13,2011,5
2011-05-16,43.54,44.59,43.32,44.11,7249400,0.0,0,16,2011,5
2011-05-17,44.0,44.76,43.83,44.72,7688800,0.0,0,17,2011,5
2011-05-18,44.75,45.02,44.54,44.98,7235600,0.0,0,18,2011,5
2011-05-19,45.1,45.75,45.02,45.65,6946400,0.0,0,19,2011,5
2011-05-20,45.59,45.79,44.98,45.1,7397800,0.0,0,20,2011,5
2011-05-23,44.7,45.16,44.44,45.04,6473500,0.0,0,23,2011,5
2011-05-24,45.06,45.27,44.47,44.54,8052600,0.0,0,24,2011,5
2011-05-25,44.44,44.66,43.87,44.41,5734400,0.0,0,25,2011,5
2011-05-26,44.18,44.85,44.17,44.65,6090200,0.0,0,26,2011,5
2011-05-27,44.78,45.13,44.67,45.05,3169500,0.0,0,27,2011,5
2011-05-31,45.28,45.55,44.99,45.46,4978400,0.0,0,31,2011,5
2011-06-01,45.21,45.22,43.94,43.97,8085100,0.0,0,01,2011,6
2011-06-02,44.04,44.46,43.59,44.13,6676700,0.0,0,02,2011,6
2011-06-03,43.57,43.91,43.21,43.42,5472300,0.0,0,03,2011,6
2011-06-06,43.28,43.46,42.67,42.98,6652100,0.0,0,06,2011,6
2011-06-07,43.21,43.5,42.89,43.07,5502700,0.0,0,07,2011,6
2011-06-08,43.02,43.43,42.23,42.38,7859800,0.0,0,08,2011,6
2011-06-09,42.31,43.18,42.21,42.58,6992500,0.0,0,09,2011,6
2011-06-10,42.47,42.54,41.7,42.06,6807700,0.0,0,10,2011,6
2011-06-13,42.25,42.56,41.95,42.5,5723900,0.0,0,13,2011,6
2011-06-14,42.76,43.29,42.32,42.42,6280200,0.0,0,14,2011,6
2011-06-15,42.24,42.24,41.37,41.65,8333200,0.0,0,15,2011,6
2011-06-16,41.63,42.76,41.34,42.65,9019300,0.0,0,16,2011,6
2011-06-17,42.89,42.96,42.36,42.73,8339200,0.0,0,17,2011,6
2011-06-20,42.6,43.48,42.42,43.06,4944700,0.0,0,20,2011,6
2011-06-21,43.19,43.78,42.91,43.65,5373400,0.0,0,21,2011,6
2011-06-22,43.65,44.18,43.27,43.92,7043900,0.0,0,22,2011,6
2011-06-23,43.48,43.58,42.73,43.35,7319700,0.0,0,23,2011,6
2011-06-24,43.43,43.49,42.55,42.59,10193300,0.0,0,24,2011,6
2011-06-27,42.72,43.86,42.61,43.65,5625900,0.0,0,27,2011,6
2011-06-28,43.76,44.04,43.53,43.89,5472200,0.0,0,28,2011,6
2011-06-29,44.07,45.13,43.59,45.02,9854600,0.18,0,29,2011,6
2011-06-30,45.07,45.82,44.36,45.71,7579000,0.0,0,30,2011,6
2011-07-01,45.7,46.42,45.6,46.28,6348500,0.0,0,01,2011,7
2011-07-05,46.22,46.54,46.18,46.27,5406900,0.0,0,05,2011,7
2011-07-06,46.16,46.74,45.82,46.65,5926100,0.0,0,06,2011,7
2011-07-07,46.67,47.57,46.63,47.38,5951700,0.0,0,07,2011,7
2011-07-08,46.82,46.95,46.47,46.93,5228100,0.0,0,08,2011,7
2011-07-11,46.42,46.74,46.08,46.22,5342400,0.0,0,11,2011,7
2011-07-12,46.79,47.18,46.32,46.33,6905700,0.0,0,12,2011,7
2011-07-13,46.48,46.95,45.87,45.93,6654800,0.0,0,13,2011,7
2011-07-14,46.19,46.36,45.36,45.43,6636900,0.0,0,14,2011,7
2011-07-15,45.63,46.05,45.11,45.81,6399900,0.0,0,15,2011,7
2011-07-18,45.54,45.69,44.69,45.39,5099300,0.0,0,18,2011,7
2011-07-19,45.75,46.53,45.26,45.81,8132900,0.0,0,19,2011,7
2011-07-20,46.13,46.6,45.63,46.06,7104500,0.0,0,20,2011,7
2011-07-21,46.18,47.11,45.91,46.49,10794600,0.0,0,21,2011,7
2011-07-22,46.85,46.89,46.01,46.19,6064800,0.0,0,22,2011,7
2011-07-25,45.68,46.24,45.48,45.81,3730400,0.0,0,25,2011,7
2011-07-26,45.72,45.88,45.23,45.6,3911500,0.0,0,26,2011,7
2011-07-27,45.31,45.32,44.57,44.64,5804400,0.0,0,27,2011,7
2011-07-28,44.74,45.34,44.6,44.7,4037600,0.0,0,28,2011,7
2011-07-29,44.33,44.54,43.8,44.25,6893900,0.0,0,29,2011,7
2011-08-01,44.64,44.75,43.57,44.23,4934600,0.0,0,01,2011,8
2011-08-02,43.67,44.18,42.88,42.9,7069900,0.0,0,02,2011,8
2011-08-03,42.88,43.27,42.03,43.2,6956200,0.0,0,03,2011,8
2011-08-04,42.49,42.8,41.34,41.42,13242700,0.0,0,04,2011,8
2011-08-05,41.93,42.69,41.08,41.74,18172400,0.0,0,05,2011,8
2011-08-08,40.54,41.35,37.83,38.06,21466400,0.0,0,08,2011,8
2011-08-09,38.53,40.79,37.16,40.76,21212600,0.0,0,09,2011,8
2011-08-10,39.52,39.82,37.78,37.84,16766100,0.0,0,10,2011,8
2011-08-11,38.22,40.48,38.02,39.85,13960700,0.0,0,11,2011,8
2011-08-12,40.6,41.33,39.45,39.69,9956900,0.0,0,12,2011,8
2011-08-15,39.93,40.66,39.81,40.51,7285400,0.0,0,15,2011,8
2011-08-16,39.96,40.55,39.37,39.69,8114700,0.0,0,16,2011,8
2011-08-17,40.03,40.59,39.89,40.55,7766100,0.0,0,17,2011,8
2011-08-18,39.17,39.29,38.6,39.15,14953200,0.0,0,18,2011,8
2011-08-19,38.78,39.92,38.71,39.32,12829400,0.0,0,19,2011,8
2011-08-22,39.97,40.2,39.26,39.44,7936200,0.0,0,22,2011,8
2011-08-23,39.52,41.05,39.05,41.05,9316100,0.0,0,23,2011,8
2011-08-24,41.05,42.65,40.88,42.51,8589000,0.0,0,24,2011,8
2011-08-25,43.1,43.57,41.73,42.52,10955300,0.0,0,25,2011,8
2011-08-26,42.38,43.14,41.59,42.87,7169500,0.0,0,26,2011,8
2011-08-29,43.51,43.64,42.73,42.93,9207700,0.0,0,29,2011,8
2011-08-30,42.77,43.38,42.12,43.03,7456200,0.0,0,30,2011,8
2011-08-31,43.33,44.19,43.17,43.95,7974800,0.0,0,31,2011,8
2011-09-01,43.89,44.2,43.6,43.77,10278400,0.0,0,01,2011,9
2011-09-02,43.03,43.53,42.54,42.89,8755600,0.0,0,02,2011,9
2011-09-06,41.78,42.59,41.67,42.5,8360900,0.0,0,06,2011,9
2011-09-07,43.09,44.19,43.05,44.19,7805700,0.0,0,07,2011,9
2011-09-08,43.52,44.68,43.41,43.8,7798200,0.0,0,08,2011,9
2011-09-09,43.4,43.54,41.68,41.81,11081200,0.0,0,09,2011,9
2011-09-12,40.97,42.12,40.79,41.96,9713400,0.0,0,12,2011,9
2011-09-13,42.05,42.52,41.55,42.35,6061300,0.0,0,13,2011,9
2011-09-14,42.58,43.87,41.77,43.32,7407100,0.0,0,14,2011,9
2011-09-15,43.87,43.99,42.98,43.64,7059000,0.0,0,15,2011,9
2011-09-16,43.88,44.37,43.72,44.32,9312300,0.0,0,16,2011,9
2011-09-19,43.56,43.72,42.64,43.04,8114600,0.0,0,19,2011,9
2011-09-20,43.31,44.19,43.11,43.57,6045100,0.0,0,20,2011,9
2011-09-21,43.67,44.52,42.6,42.65,8661200,0.0,0,21,2011,9
2011-09-22,41.78,42.55,40.53,41.23,12460600,0.0,0,22,2011,9
2011-09-23,40.84,41.22,40.3,41.07,9061500,0.0,0,23,2011,9
2011-09-26,41.43,42.11,40.55,42.05,8518700,0.0,0,26,2011,9
2011-09-27,43.02,43.03,41.34,41.63,9141400,0.0,0,27,2011,9
2011-09-28,41.96,42.47,41.07,41.09,8672700,0.0,0,28,2011,9
2011-09-29,42.08,42.27,40.17,41.31,8372300,0.0,0,29,2011,9
2011-09-30,40.74,40.81,39.67,39.7,7858200,0.0,0,30,2011,9
2011-10-03,39.37,40.21,38.44,38.45,9185500,0.0,0,03,2011,10
2011-10-04,37.59,38.52,36.52,38.4,17890900,0.0,0,04,2011,10
2011-10-05,38.58,38.73,37.82,38.54,12080700,0.18,0,05,2011,10
2011-10-06,38.45,39.53,37.88,39.45,10198000,0.0,0,06,2011,10
2011-10-07,39.66,39.86,38.42,38.56,11193200,0.0,0,07,2011,10
2011-10-10,39.47,40.39,39.47,40.35,7589300,0.0,0,10,2011,10
2011-10-11,40.19,40.94,39.75,40.63,6348600,0.0,0,11,2011,10
2011-10-12,40.94,42.31,40.83,41.76,10596200,0.0,0,12,2011,10
2011-10-13,41.2,41.47,40.76,41.14,7283900,0.0,0,13,2011,10
2011-10-14,41.89,41.93,39.94,40.93,9612300,0.0,0,14,2011,10
2011-10-17,40.73,40.98,39.97,40.06,7611400,0.0,0,17,2011,10
2011-10-18,40.14,41.77,39.96,41.45,9095700,0.0,0,18,2011,10
2011-10-19,41.47,41.72,40.85,40.96,9097500,0.0,0,19,2011,10
2011-10-20,40.4,41.1,39.68,41.01,12221800,0.0,0,20,2011,10
2011-10-21,41.61,43.04,41.61,43.03,14151400,0.0,0,21,2011,10
2011-10-24,42.9,44.61,42.9,44.32,11165700,0.0,0,24,2011,10
2011-10-25,43.96,44.66,43.72,43.88,12728700,0.0,0,25,2011,10
2011-10-26,44.39,45.14,43.88,44.79,10908300,0.0,0,26,2011,10
2011-10-27,45.79,46.48,45.34,46.22,12093600,0.0,0,27,2011,10
2011-10-28,45.71,46.36,45.65,46.26,7379700,0.0,0,28,2011,10
2011-10-31,45.57,46.21,44.92,44.95,8020300,0.0,0,31,2011,10
2011-11-01,44.02,44.51,43.43,43.5,9820100,0.0,0,01,2011,11
2011-11-02,44.28,45.16,44.16,44.68,7349200,0.0,0,02,2011,11
2011-11-03,45.09,46.01,44.44,45.89,7777000,0.0,0,03,2011,11
2011-11-04,45.52,45.66,44.85,45.44,5287800,0.0,0,04,2011,11
2011-11-07,45.17,45.58,44.64,45.5,4458000,0.0,0,07,2011,11
2011-11-08,45.78,45.82,45.02,45.58,6586400,0.0,0,08,2011,11
2011-11-09,44.74,44.96,43.55,43.69,8037800,0.0,0,09,2011,11
2011-11-10,44.26,44.34,43.27,43.59,6265800,0.0,0,10,2011,11
2011-11-11,44.37,44.91,44.15,44.72,5314300,0.0,0,11,2011,11
2011-11-14,44.21,44.49,43.54,43.91,4319800,0.0,0,14,2011,11
2011-11-15,43.71,44.74,43.52,44.35,5465800,0.0,0,15,2011,11
2011-11-16,43.76,43.97,42.63,42.73,7570000,0.0,0,16,2011,11
2011-11-17,42.65,42.81,41.16,41.46,9222800,0.0,0,17,2011,11
2011-11-18,41.69,41.82,41.18,41.62,5316200,0.0,0,18,2011,11
2011-11-21,40.98,41.19,40.4,40.9,8207400,0.0,0,21,2011,11
2011-11-22,40.85,41.12,40.43,40.84,5975000,0.0,0,22,2011,11
2011-11-23,40.4,40.57,39.91,40.04,7220000,0.0,0,23,2011,11
2011-11-25,39.83,40.31,39.69,39.96,2748000,0.0,0,25,2011,11
2011-11-28,40.91,41.34,40.44,40.85,9046300,0.0,0,28,2011,11
2011-11-29,40.98,41.07,40.39,40.44,6688600,0.0,0,29,2011,11
2011-11-30,41.83,42.68,41.55,42.65,12252500,0.0,0,30,2011,11
2011-12-01,42.35,42.7,42.07,42.43,6534000,0.0,0,01,2011,12
2011-12-02,42.92,43.52,42.74,42.82,7006700,0.0,0,02,2011,12
2011-12-05,43.65,43.78,42.94,43.31,6106600,0.0,0,05,2011,12
2011-12-06,43.4,43.49,42.99,43.12,5531600,0.0,0,06,2011,12
2011-12-07,42.77,43.85,42.33,43.65,6523000,0.0,0,07,2011,12
2011-12-08,43.36,43.52,42.29,42.45,6940400,0.0,0,08,2011,12
2011-12-09,43.1,43.54,42.74,43.33,7020100,0.0,0,09,2011,12
2011-12-12,42.79,42.85,42.09,42.52,5167900,0.0,0,12,2011,12
2011-12-13,43.12,43.19,41.68,42.08,7377000,0.0,0,13,2011,12
2011-12-14,41.59,42.17,41.56,41.8,6965700,0.0,0,14,2011,12
2011-12-15,42.28,42.37,41.14,41.22,7172700,0.0,0,15,2011,12
2011-12-16,41.59,42.06,41.41,41.62,11976000,0.0,0,16,2011,12
2011-12-19,41.62,41.8,40.75,40.88,5271000,0.0,0,19,2011,12
2011-12-20,41.46,42.71,41.4,42.55,7589100,0.0,0,20,2011,12
2011-12-21,42.73,43.05,41.94,42.17,6236400,0.0,0,21,2011,12
2011-12-22,42.39,42.62,41.99,42.29,5872000,0.0,0,22,2011,12
2011-12-23,42.38,42.58,42.05,42.57,3125600,0.0,0,23,2011,12
2011-12-27,42.58,42.77,42.26,42.32,2660800,0.0,0,27,2011,12
2011-12-28,42.38,42.44,41.59,41.7,3829800,0.0,0,28,2011,12
2011-12-29,41.88,42.24,41.72,42.19,2898500,0.0,0,29,2011,12
2011-12-30,42.31,42.34,41.87,41.88,3333000,0.0,0,30,2011,12
2012-01-03,42.89,43.47,42.74,42.97,6955400,0.0,0,03,2012,1
2012-01-04,42.8,43.12,42.24,42.99,4847600,0.18,0,04,2012,1
2012-01-05,42.64,43.89,42.51,43.49,6095100,0.0,0,05,2012,1
2012-01-06,43.55,43.64,42.82,43.02,4894300,0.0,0,06,2012,1
2012-01-09,43.06,43.4,42.88,43.13,5273000,0.0,0,09,2012,1
2012-01-10,43.63,43.78,43.03,43.38,6838600,0.0,0,10,2012,1
2012-01-11,43.18,43.74,42.96,43.62,4497700,0.0,0,11,2012,1
2012-01-12,43.84,44.28,43.62,44.25,5693400,0.0,0,12,2012,1
2012-01-13,43.79,44.38,43.51,44.35,5741700,0.0,0,13,2012,1
2012-01-17,44.19,44.96,44.19,44.76,6533900,0.0,0,17,2012,1
2012-01-18,44.68,45.42,44.52,45.06,7301300,0.0,0,18,2012,1
2012-01-19,45.19,45.45,44.97,45.41,6423200,0.0,0,19,2012,1
2012-01-20,43.79,44.63,43.53,44.6,12745800,0.0,0,20,2012,1
2012-01-23,44.58,45.13,43.88,44.06,7326800,0.0,0,23,2012,1
2012-01-24,43.76,44.2,43.58,43.87,5475800,0.0,0,24,2012,1
2012-01-25,44.03,45.01,43.89,44.71,6667400,0.0,0,25,2012,1
2012-01-26,44.89,45.17,44.31,44.54,6221000,0.0,0,26,2012,1
2012-01-27,44.27,44.81,44.27,44.43,5398100,0.0,0,27,2012,1
2012-01-30,44.05,44.08,43.58,43.78,5490100,0.0,0,30,2012,1
2012-01-31,44.11,44.73,43.82,44.69,6896300,0.0,0,31,2012,1
2012-02-01,44.89,45.4,44.8,45.11,6105800,0.0,0,01,2012,2
2012-02-02,45.2,45.83,45.1,45.59,6457200,0.0,0,02,2012,2
2012-02-03,46.21,46.74,46.15,46.57,8171900,0.0,0,03,2012,2
2012-02-06,46.24,46.45,45.77,46.17,5664300,0.0,0,06,2012,2
2012-02-07,45.92,46.89,45.92,46.46,5944800,0.0,0,07,2012,2
2012-02-08,46.2,46.42,45.83,46.02,6073300,0.0,0,08,2012,2
2012-02-09,46.21,46.88,46.19,46.62,7259300,0.0,0,09,2012,2
2012-02-10,46.18,46.52,45.92,46.17,4077400,0.0,0,10,2012,2
2012-02-13,46.56,46.61,46.21,46.41,3631800,0.0,0,13,2012,2
2012-02-14,46.36,46.49,45.9,46.31,4794700,0.0,0,14,2012,2
2012-02-15,46.72,46.72,45.79,45.91,5480500,0.0,0,15,2012,2
2012-02-16,45.93,47.26,45.9,47.12,8042800,0.0,0,16,2012,2
2012-02-17,47.51,47.51,46.95,47.11,5158000,0.0,0,17,2012,2
2012-02-21,46.98,47.23,46.82,47.1,5082700,0.0,0,21,2012,2
2012-02-22,47.03,47.31,46.98,47.05,4829500,0.0,0,22,2012,2
2012-02-23,47.05,47.26,46.75,46.94,4345900,0.0,0,23,2012,2
2012-02-24,47.17,47.61,47.05,47.53,4985300,0.0,0,24,2012,2
2012-02-27,47.17,48.53,46.9,48.29,6781500,0.0,0,27,2012,2
2012-02-28,47.74,48.1,47.3,47.91,7067600,0.0,0,28,2012,2
2012-02-29,47.64,47.98,46.85,47.14,10159700,0.0,0,29,2012,2
2012-03-01,47.26,48.02,47.17,47.74,5398900,0.0,0,01,2012,3
2012-03-02,47.73,47.75,47.08,47.23,4751300,0.0,0,02,2012,3
2012-03-05,46.92,47.24,46.62,47.21,6074700,0.0,0,05,2012,3
2012-03-06,46.72,46.82,45.93,46.11,6109800,0.0,0,06,2012,3
2012-03-07,46.2,46.71,46.13,46.58,5116100,0.0,0,07,2012,3
2012-03-08,47.0,47.31,46.78,47.19,4341000,0.0,0,08,2012,3
2012-03-09,47.26,47.65,47.06,47.41,4329800,0.0,0,09,2012,3
2012-03-12,47.41,47.45,46.8,47.03,3983200,0.0,0,12,2012,3
2012-03-13,47.39,48.35,47.01,48.35,6954000,0.0,0,13,2012,3
2012-03-14,48.71,50.16,48.54,50.04,12001900,0.0,0,14,2012,3
2012-03-15,49.96,50.58,49.6,50.55,7985300,0.0,0,15,2012,3
2012-03-16,51.08,51.14,50.29,50.4,11287500,0.0,0,16,2012,3
2012-03-19,50.44,51.24,50.27,51.04,5605000,0.0,0,19,2012,3
2012-03-20,50.55,51.01,50.38,50.72,5450400,0.0,0,20,2012,3
2012-03-21,50.87,51.24,50.72,50.84,6034100,0.0,0,21,2012,3
2012-03-22,50.6,51.29,50.31,51.06,6047600,0.0,0,22,2012,3
2012-03-23,51.05,51.27,50.68,51.02,4420500,0.0,0,23,2012,3
2012-03-26,51.47,52.36,51.33,52.28,6341600,0.0,0,26,2012,3
2012-03-27,52.58,52.74,51.88,51.89,5683000,0.0,0,27,2012,3
2012-03-28,52.03,52.81,52.03,52.63,7925900,0.0,0,28,2012,3
2012-03-29,51.94,52.08,51.01,51.59,7397600,0.0,0,29,2012,3
2012-03-30,51.85,51.97,51.28,51.57,5779700,0.0,0,30,2012,3
2012-04-02,51.6,51.98,51.22,51.7,6674200,0.0,0,02,2012,4
2012-04-03,51.77,52.32,51.65,52.22,5782800,0.2,0,03,2012,4
2012-04-04,51.85,51.95,51.16,51.31,5107700,0.0,0,04,2012,4
2012-04-05,51.18,52.05,51.16,51.96,4411800,0.0,0,05,2012,4
2012-04-09,51.17,51.31,50.81,51.12,4259500,0.0,0,09,2012,4
2012-04-10,51.06,51.5,50.21,50.24,6739600,0.0,0,10,2012,4
2012-04-11,50.8,51.12,50.66,50.93,6449700,0.0,0,11,2012,4
2012-04-12,51.01,51.93,50.73,51.9,4881200,0.0,0,12,2012,4
2012-04-13,51.88,51.95,51.14,51.22,5574900,0.0,0,13,2012,4
2012-04-16,51.63,51.92,51.03,51.72,6443700,0.0,0,16,2012,4
2012-04-17,51.83,52.22,51.56,52.03,5197600,0.0,0,17,2012,4
2012-04-18,52.01,52.49,51.82,51.9,5669900,0.0,0,18,2012,4
2012-04-19,51.62,52.15,51.06,51.48,7207800,0.0,0,19,2012,4
2012-04-20,51.44,51.7,51.14,51.38,7844600,0.0,0,20,2012,4
2012-04-23,50.94,51.32,50.53,51.26,6168200,0.0,0,23,2012,4
2012-04-24,51.19,51.65,51.06,51.54,5401100,0.0,0,24,2012,4
2012-04-25,51.82,52.76,51.72,52.68,8184700,0.0,0,25,2012,4
2012-04-26,52.63,53.41,52.54,53.29,6168400,0.0,0,26,2012,4
2012-04-27,53.52,54.52,53.51,53.81,13975100,0.0,0,27,2012,4
2012-04-30,53.7,53.93,53.43,53.85,7902500,0.0,0,30,2012,4
2012-05-01,53.61,54.7,53.36,54.52,10332800,0.0,0,01,2012,5
2012-05-02,54.1,54.93,53.95,54.6,8132000,0.0,0,02,2012,5
2012-05-03,54.67,54.85,54.0,54.43,6919500,0.0,0,03,2012,5
2012-05-04,54.27,54.29,53.69,53.75,6152100,0.0,0,04,2012,5
2012-05-07,53.71,54.24,53.58,53.75,4409300,0.0,0,07,2012,5
2012-05-08,53.53,53.84,52.91,53.56,6122200,0.0,0,08,2012,5
2012-05-09,52.92,53.65,52.7,53.17,7830700,0.0,0,09,2012,5
2012-05-10,53.54,53.61,53.0,53.14,4137300,0.0,0,10,2012,5
2012-05-11,52.92,53.72,52.76,53.34,4185600,0.0,0,11,2012,5
2012-05-14,52.78,53.16,52.21,52.24,5653900,0.0,0,14,2012,5
2012-05-15,52.24,52.65,51.67,51.82,5089500,0.0,0,15,2012,5
2012-05-16,52.17,52.58,51.29,51.32,5261800,0.0,0,16,2012,5
2012-05-17,51.31,51.36,49.74,49.77,8427200,0.0,0,17,2012,5
2012-05-18,49.85,49.94,49.23,49.54,8783700,0.0,0,18,2012,5
2012-05-21,49.92,50.55,49.69,50.38,4568600,0.0,0,21,2012,5
2012-05-22,50.51,51.19,50.12,50.39,5858600,0.0,0,22,2012,5
2012-05-23,49.92,50.17,49.01,50.05,6549800,0.0,0,23,2012,5
2012-05-24,50.07,50.4,49.8,50.38,4486100,0.0,0,24,2012,5
2012-05-25,50.33,50.4,49.74,49.91,3264300,0.0,0,25,2012,5
2012-05-29,50.3,50.78,50.03,50.58,4128600,0.0,0,29,2012,5
2012-05-30,49.94,50.07,49.44,49.6,5272000,0.0,0,30,2012,5
2012-05-31,49.7,50.22,49.2,49.93,5433700,0.0,0,31,2012,5
2012-06-01,48.85,49.47,47.56,47.78,8749200,0.0,0,01,2012,6
2012-06-04,47.82,48.39,47.58,47.85,6101900,0.0,0,04,2012,6
2012-06-05,47.81,48.38,47.61,48.27,6156300,0.0,0,05,2012,6
2012-06-06,48.84,49.53,48.5,49.53,5329500,0.0,0,06,2012,6
2012-06-07,50.13,50.41,49.28,49.4,5340500,0.0,0,07,2012,6
2012-06-08,49.3,49.96,49.04,49.96,4001200,0.0,0,08,2012,6
2012-06-11,50.49,50.63,49.23,49.28,5173500,0.0,0,11,2012,6
2012-06-12,49.33,50.56,49.19,50.51,7007400,0.0,0,12,2012,6
2012-06-13,50.21,50.53,49.07,49.28,6096300,0.0,0,13,2012,6
2012-06-14,49.28,49.43,48.71,49.23,6999900,0.0,0,14,2012,6
2012-06-15,49.62,50.38,49.28,50.33,8145300,0.0,0,15,2012,6
2012-06-18,50.16,50.35,49.68,49.95,4635400,0.0,0,18,2012,6
2012-06-19,50.25,51.12,50.14,50.92,4817000,0.0,0,19,2012,6
2012-06-20,51.08,51.75,50.89,51.37,5206200,0.0,0,20,2012,6
2012-06-21,51.5,51.75,50.28,50.37,4811300,0.0,0,21,2012,6
2012-06-22,50.8,51.06,50.45,50.79,6264700,0.0,0,22,2012,6
2012-06-25,50.34,50.55,49.88,50.12,4025700,0.0,0,25,2012,6
2012-06-26,50.09,50.38,49.72,50.18,4095300,0.0,0,26,2012,6
2012-06-27,50.38,50.94,50.33,50.87,3281700,0.0,0,27,2012,6
2012-06-28,50.44,50.77,49.79,50.7,4012000,0.0,0,28,2012,6
2012-06-29,51.56,52.06,51.54,52.06,5334800,0.0,0,29,2012,6
2012-07-02,52.32,52.86,52.19,52.81,4257600,0.0,0,02,2012,7
2012-07-03,52.69,53.36,52.54,53.31,2280200,0.2,0,03,2012,7
2012-07-05,53.07,53.6,52.69,53.17,3788900,0.0,0,05,2012,7
2012-07-06,52.53,53.01,52.39,52.61,3061200,0.0,0,06,2012,7
2012-07-09,52.48,52.59,52.05,52.41,3642500,0.0,0,09,2012,7
2012-07-10,52.98,53.56,52.16,52.4,5339900,0.0,0,10,2012,7
2012-07-11,52.31,52.31,51.56,52.12,5591800,0.0,0,11,2012,7
2012-07-12,51.57,51.6,50.75,51.08,6215400,0.0,0,12,2012,7
2012-07-13,51.17,52.02,51.11,51.98,5009100,0.0,0,13,2012,7
2012-07-16,52.1,52.9,51.78,52.62,6608800,0.0,0,16,2012,7
2012-07-17,53.14,53.14,51.75,52.66,4346200,0.0,0,17,2012,7
2012-07-18,52.31,52.92,52.15,52.31,5317600,0.0,0,18,2012,7
2012-07-19,51.74,51.74,49.63,50.46,13371100,0.0,0,19,2012,7
2012-07-20,50.18,50.7,49.91,50.08,5108400,0.0,0,20,2012,7
2012-07-23,49.11,50.21,48.77,50.01,5926900,0.0,0,23,2012,7
2012-07-24,49.99,50.18,49.4,49.92,6563200,0.0,0,24,2012,7
2012-07-25,50.09,50.5,49.62,50.3,5222600,0.0,0,25,2012,7
2012-07-26,51.03,51.93,50.8,51.83,7455000,0.0,0,26,2012,7
2012-07-27,52.1,52.75,51.54,52.52,5309200,0.0,0,27,2012,7
2012-07-30,52.52,53.01,52.22,52.31,5616700,0.0,0,30,2012,7
2012-07-31,52.22,52.35,51.35,51.78,5307500,0.0,0,31,2012,7
2012-08-01,51.61,51.92,50.92,50.97,4668200,0.0,0,01,2012,8
2012-08-02,50.59,50.89,50.15,50.69,4880100,0.0,0,02,2012,8
2012-08-03,51.33,51.86,51.15,51.7,4633800,0.0,0,03,2012,8
2012-08-06,51.87,52.03,51.22,51.24,4254100,0.0,0,06,2012,8
2012-08-07,51.49,52.17,51.48,51.72,4096000,0.0,0,07,2012,8
2012-08-08,51.62,52.39,51.47,51.96,4531900,0.0,0,08,2012,8
2012-08-09,51.64,51.75,50.51,50.67,6595900,0.0,0,09,2012,8
2012-08-10,50.45,50.52,49.71,50.12,6776900,0.0,0,10,2012,8
2012-08-13,50.04,50.47,49.69,50.37,3783700,0.0,0,13,2012,8
2012-08-14,50.58,50.95,50.21,50.32,2871000,0.0,0,14,2012,8
2012-08-15,50.31,51.06,50.21,50.84,3258500,0.0,0,15,2012,8
2012-08-16,50.91,51.63,50.84,51.48,5131000,0.0,0,16,2012,8
2012-08-17,51.61,51.75,51.22,51.68,3750000,0.0,0,17,2012,8
2012-08-20,51.48,51.48,50.82,51.06,5034000,0.0,0,20,2012,8
2012-08-21,51.15,51.28,50.66,50.79,5365100,0.0,0,21,2012,8
2012-08-22,50.74,51.21,50.59,50.99,4378200,0.0,0,22,2012,8
2012-08-23,50.79,50.97,50.57,50.63,3693100,0.0,0,23,2012,8
2012-08-24,50.63,51.69,50.52,51.59,4224900,0.0,0,24,2012,8
2012-08-27,51.69,51.92,51.33,51.52,3731900,0.0,0,27,2012,8
2012-08-28,51.31,51.87,51.11,51.65,2576000,0.0,0,28,2012,8
2012-08-29,51.68,51.83,51.31,51.52,3162900,0.0,0,29,2012,8
2012-08-30,51.34,51.56,50.81,51.3,3382900,0.0,0,30,2012,8
2012-08-31,51.64,52.44,51.19,52.31,4736000,0.0,0,31,2012,8
2012-09-04,52.32,52.82,52.01,52.59,4470100,0.0,0,04,2012,9
2012-09-05,52.41,52.57,51.16,51.32,6867300,0.0,0,05,2012,9
2012-09-06,51.61,52.05,51.35,51.52,7405400,0.0,0,06,2012,9
2012-09-07,51.47,51.91,51.21,51.8,3894400,0.0,0,07,2012,9
2012-09-10,51.95,52.07,51.57,51.61,3546000,0.0,0,10,2012,9
2012-09-11,51.41,51.58,50.97,51.35,4816100,0.0,0,11,2012,9
2012-09-12,51.31,51.84,51.17,51.39,4390800,0.0,0,12,2012,9
2012-09-13,51.5,53.2,51.37,52.99,7827700,0.0,0,13,2012,9
2012-09-14,53.16,53.21,52.81,53.18,6604500,0.0,0,14,2012,9
2012-09-17,53.17,53.27,52.96,53.1,4176900,0.0,0,17,2012,9
2012-09-18,52.88,52.93,52.56,52.65,5015900,0.0,0,18,2012,9
2012-09-19,52.61,52.98,52.51,52.65,3433800,0.0,0,19,2012,9
2012-09-20,52.4,52.79,52.08,52.35,5912500,0.0,0,20,2012,9
2012-09-21,52.45,52.57,51.92,51.92,6982700,0.0,0,21,2012,9
2012-09-24,51.65,51.9,51.52,51.75,5400400,0.0,0,24,2012,9
2012-09-25,51.87,52.29,51.24,51.26,4880400,0.0,0,25,2012,9
2012-09-26,51.27,51.35,50.3,50.38,5198300,0.0,0,26,2012,9
2012-09-27,50.84,50.99,50.3,50.76,6122500,0.0,0,27,2012,9
2012-09-28,50.66,51.34,50.39,51.02,5443400,0.0,0,28,2012,9
2012-10-01,51.31,52.4,51.31,51.8,4868500,0.0,0,01,2012,10
2012-10-02,52.04,52.25,51.11,51.31,4481800,0.0,0,02,2012,10
2012-10-03,51.47,51.83,51.19,51.69,4539900,0.2,0,03,2012,10
2012-10-04,52.05,52.83,51.89,52.56,3811300,0.0,0,04,2012,10
2012-10-05,52.82,52.89,52.39,52.73,4761600,0.0,0,05,2012,10
2012-10-08,52.67,53.03,52.53,52.97,3231400,0.0,0,08,2012,10
2012-10-09,53.02,53.13,52.33,52.44,4294700,0.0,0,09,2012,10
2012-10-10,52.6,52.85,52.01,52.2,3936100,0.0,0,10,2012,10
2012-10-11,52.5,52.77,52.36,52.65,3889700,0.0,0,11,2012,10
2012-10-12,52.53,52.68,51.74,52.13,4401400,0.0,0,12,2012,10
2012-10-15,52.03,52.21,51.62,51.86,5762200,0.0,0,15,2012,10
2012-10-16,52.13,52.88,52.13,52.8,4523800,0.0,0,16,2012,10
2012-10-17,53.05,53.49,52.82,53.46,5457500,0.0,0,17,2012,10
2012-10-18,52.98,53.1,51.67,51.88,9677100,0.0,0,18,2012,10
2012-10-19,51.91,51.96,50.89,51.2,8126600,0.0,0,19,2012,10
2012-10-22,51.11,51.42,50.62,51.09,5003200,0.0,0,22,2012,10
2012-10-23,50.6,50.67,49.85,49.87,8745800,0.0,0,23,2012,10
2012-10-24,50.08,50.38,49.6,49.73,5726800,0.0,0,24,2012,10
2012-10-25,50.02,50.13,49.48,49.92,3648400,0.0,0,25,2012,10
2012-10-26,49.96,50.51,49.82,50.2,5576000,0.0,0,26,2012,10
2012-10-31,50.39,50.48,49.86,50.4,5706700,0.0,0,31,2012,10
2012-11-01,50.56,51.44,50.42,51.19,6967100,0.0,0,01,2012,11
2012-11-02,51.68,51.71,50.99,51.07,6106600,0.0,0,02,2012,11
2012-11-05,50.62,50.87,50.29,50.75,3748300,0.0,0,05,2012,11
2012-11-06,50.91,51.76,50.85,51.5,5092900,0.0,0,06,2012,11
2012-11-07,50.99,50.99,49.77,50.04,7765500,0.0,0,07,2012,11
2012-11-08,50.07,50.69,49.98,50.03,4532000,0.0,0,08,2012,11
2012-11-09,50.07,50.76,49.99,50.27,4701100,0.0,0,09,2012,11
2012-11-12,50.43,50.52,49.82,49.99,3291800,0.0,0,12,2012,11
2012-11-13,49.58,49.99,49.27,49.29,4567600,0.0,0,13,2012,11
2012-11-14,49.31,49.53,48.15,48.31,5839400,0.0,0,14,2012,11
2012-11-15,48.26,48.58,47.74,48.3,4753100,0.0,0,15,2012,11
2012-11-16,48.26,49.14,48.25,48.9,6563200,0.0,0,16,2012,11
2012-11-19,49.36,49.77,49.24,49.73,7380300,0.0,0,19,2012,11
2012-11-20,49.61,50.32,49.45,50.3,4039400,0.0,0,20,2012,11
2012-11-21,50.4,50.58,50.25,50.41,3461400,0.0,0,21,2012,11
2012-11-23,50.6,50.92,50.51,50.89,1487600,0.0,0,23,2012,11
2012-11-26,50.65,50.73,49.95,50.15,5183600,0.0,0,26,2012,11
2012-11-27,49.94,50.17,48.94,49.02,9897200,0.0,0,27,2012,11
2012-11-28,48.77,50.07,48.77,49.99,7216000,0.0,0,28,2012,11
2012-11-29,50.2,50.66,49.99,50.35,4587700,0.0,0,29,2012,11
2012-11-30,50.3,50.51,50.17,50.34,5716100,0.0,0,30,2012,11
2012-12-03,50.51,50.9,50.36,50.42,4954600,0.0,0,03,2012,12
2012-12-04,50.34,50.6,49.95,50.28,3912300,0.0,0,04,2012,12
2012-12-05,50.33,51.02,50.2,50.79,5667500,0.0,0,05,2012,12
2012-12-06,50.7,50.72,50.32,50.53,3854400,0.0,0,06,2012,12
2012-12-07,50.65,51.0,50.61,50.98,3689200,0.0,0,07,2012,12
2012-12-10,51.03,51.28,50.81,51.1,3784000,0.0,0,10,2012,12
2012-12-11,51.33,51.86,51.26,51.38,4342800,0.0,0,11,2012,12
2012-12-12,51.64,52.54,51.49,51.93,5941700,0.0,0,12,2012,12
2012-12-13,51.92,52.23,51.78,51.98,4725900,0.0,0,13,2012,12
2012-12-14,51.79,51.91,50.89,51.01,5063200,0.0,0,14,2012,12
2012-12-17,51.24,51.64,51.14,51.57,5799100,0.0,0,17,2012,12
2012-12-18,52.0,52.43,51.88,52.07,7184000,0.0,0,18,2012,12
2012-12-19,51.71,51.95,51.09,51.14,6768200,0.0,0,19,2012,12
2012-12-20,51.23,51.7,51.17,51.69,5641700,0.0,0,20,2012,12
2012-12-21,51.5,52.06,50.75,51.91,11464700,0.0,0,21,2012,12
2012-12-24,51.82,52.17,51.72,51.8,2192800,0.0,0,24,2012,12
2012-12-26,51.89,51.97,51.38,51.44,3389200,0.0,0,26,2012,12
2012-12-27,51.47,51.55,50.32,51.05,5292300,0.0,0,27,2012,12
2012-12-28,50.82,51.36,50.76,51.03,4094000,0.0,0,28,2012,12
2012-12-31,50.85,51.77,50.64,51.76,5604600,0.0,0,31,2012,12
2013-01-02,52.71,53.27,52.69,53.09,6091400,0.2,0,02,2013,1
2013-01-03,53.13,53.55,52.98,53.31,5017000,0.0,0,03,2013,1
2013-01-04,53.39,53.91,52.83,53.86,4017200,0.0,0,04,2013,1
2013-01-07,53.57,54.21,53.57,54.09,3859400,0.0,0,07,2013,1
2013-01-08,53.93,54.51,53.79,54.4,4960900,0.0,0,08,2013,1
2013-01-09,54.6,55.03,54.35,54.45,5885600,0.0,0,09,2013,1
2013-01-10,54.61,54.93,54.3,54.93,6545300,0.0,0,10,2013,1
2013-01-11,54.67,56.0,54.5,55.34,10492500,0.0,0,11,2013,1
2013-01-14,54.92,55.47,54.86,55.31,5176600,0.0,0,14,2013,1
2013-01-15,54.35,54.98,54.24,54.9,6399000,0.0,0,15,2013,1
2013-01-16,54.96,54.99,54.65,54.78,4020900,0.0,0,16,2013,1
2013-01-17,55.21,55.3,54.74,54.89,4684200,0.0,0,17,2013,1
2013-01-18,54.1,54.47,53.22,54.02,9935600,0.0,0,18,2013,1
2013-01-22,53.87,54.13,53.32,53.68,7228400,0.0,0,22,2013,1
2013-01-23,53.51,53.58,53.13,53.25,6265300,0.0,0,23,2013,1
2013-01-24,53.44,53.77,53.32,53.58,5430800,0.0,0,24,2013,1
2013-01-25,53.83,53.95,53.49,53.77,4124000,0.0,0,25,2013,1
2013-01-28,53.64,53.81,53.04,53.38,5216200,0.0,0,28,2013,1
2013-01-29,53.39,53.83,53.27,53.72,5533100,0.0,0,29,2013,1
2013-01-30,53.53,53.92,53.46,53.61,5894100,0.0,0,30,2013,1
2013-01-31,53.65,54.05,53.14,53.14,5940900,0.0,0,31,2013,1
2013-02-01,53.61,54.33,53.58,54.14,6036400,0.0,0,01,2013,2
2013-02-04,53.73,53.98,53.5,53.68,4618600,0.0,0,04,2013,2
2013-02-05,54.02,55.03,53.93,54.81,6394000,0.0,0,05,2013,2
2013-02-06,54.15,54.95,54.15,54.72,6304600,0.0,0,06,2013,2
2013-02-07,54.72,56.33,54.71,56.15,11977900,0.0,0,07,2013,2
2013-02-08,56.08,56.32,55.55,55.84,6734900,0.0,0,08,2013,2
2013-02-11,55.75,56.07,55.45,56.01,3436100,0.0,0,11,2013,2
2013-02-12,56.11,56.53,55.98,56.21,4255200,0.0,0,12,2013,2
2013-02-13,56.43,56.71,55.93,56.12,3409000,0.0,0,13,2013,2
2013-02-14,56.1,56.61,55.87,56.33,4432600,0.0,0,14,2013,2
2013-02-15,56.54,56.64,55.51,55.74,5354400,0.0,0,15,2013,2
2013-02-19,55.73,56.39,55.73,56.28,3598900,0.0,0,19,2013,2
2013-02-20,56.08,56.45,55.91,55.94,5532700,0.0,0,20,2013,2
2013-02-21,55.91,56.02,55.25,55.61,5287500,0.0,0,21,2013,2
2013-02-22,55.9,56.55,55.83,56.54,5197100,0.0,0,22,2013,2
2013-02-25,56.72,56.93,56.02,56.04,8624700,0.0,0,25,2013,2
2013-02-26,56.08,56.19,55.62,55.95,5938100,0.0,0,26,2013,2
2013-02-27,55.78,56.57,55.69,56.48,4755400,0.0,0,27,2013,2
2013-02-28,56.41,56.61,55.92,56.16,5366500,0.0,0,28,2013,2
2013-03-01,55.88,56.47,55.58,56.36,5265100,0.0,0,01,2013,3
2013-03-04,56.22,56.93,56.06,56.83,4687900,0.0,0,04,2013,3
2013-03-05,57.16,58.21,56.98,57.94,7315900,0.0,0,05,2013,3
2013-03-06,58.2,58.68,58.15,58.42,5780900,0.0,0,06,2013,3
2013-03-07,58.49,58.63,57.96,58.34,4446500,0.0,0,07,2013,3
2013-03-08,58.43,58.52,57.53,58.46,5810000,0.0,0,08,2013,3
2013-03-11,58.49,59.3,58.47,59.19,5307700,0.0,0,11,2013,3
2013-03-12,59.3,59.45,58.79,59.0,5303700,0.0,0,12,2013,3
2013-03-13,58.95,59.28,58.84,59.01,4203900,0.0,0,13,2013,3
2013-03-14,59.12,59.41,59.0,59.08,3760100,0.0,0,14,2013,3
2013-03-15,59.31,60.03,59.04,59.72,10265700,0.0,0,15,2013,3
2013-03-18,58.79,59.76,58.52,59.44,4880300,0.0,0,18,2013,3
2013-03-19,59.63,59.77,58.55,58.85,4587400,0.0,0,19,2013,3
2013-03-20,59.14,59.77,59.14,59.64,4137800,0.0,0,20,2013,3
2013-03-21,59.49,59.63,58.96,59.11,3600100,0.0,0,21,2013,3
2013-03-22,59.27,59.96,59.22,59.84,3860600,0.0,0,22,2013,3
2013-03-25,60.17,60.33,59.48,59.73,6599300,0.0,0,25,2013,3
2013-03-26,60.0,60.76,59.97,60.7,4295600,0.0,0,26,2013,3
2013-03-27,60.18,60.78,60.18,60.68,2905000,0.0,0,27,2013,3
2013-03-28,60.82,60.98,60.54,60.96,4354300,0.0,0,28,2013,3
2013-04-01,60.92,61.22,60.55,60.78,3012600,0.0,0,01,2013,4
2013-04-02,60.89,61.23,60.63,61.12,3921600,0.0,0,02,2013,4
2013-04-03,61.32,61.35,59.85,60.04,5102000,0.2,0,03,2013,4
2013-04-04,60.2,60.69,60.09,60.48,3633900,0.0,0,04,2013,4
2013-04-05,59.61,59.63,58.7,59.18,6898300,0.0,0,05,2013,4
2013-04-08,59.42,59.62,59.03,59.45,4662200,0.0,0,08,2013,4
2013-04-09,59.49,59.53,59.05,59.11,4882200,0.0,0,09,2013,4
2013-04-10,59.32,59.44,59.24,59.27,7882100,0.0,0,10,2013,4
2013-04-11,59.34,59.75,59.09,59.58,6357700,0.0,0,11,2013,4
2013-04-12,59.33,59.68,59.07,59.53,3967600,0.0,0,12,2013,4
2013-04-15,59.39,59.45,58.08,58.09,7008600,0.0,0,15,2013,4
2013-04-16,58.46,58.96,58.25,58.54,6198900,0.0,0,16,2013,4
2013-04-17,58.11,58.28,57.49,58.12,6925000,0.0,0,17,2013,4
2013-04-18,58.04,59.72,57.68,58.95,10457800,0.0,0,18,2013,4
2013-04-19,59.21,60.95,59.21,60.94,8461600,0.0,0,19,2013,4
2013-04-22,60.83,60.95,60.04,60.41,5791500,0.0,0,22,2013,4
2013-04-23,60.55,61.21,60.4,61.13,4779900,0.0,0,23,2013,4
2013-04-24,61.09,61.28,60.76,61.1,4077700,0.0,0,24,2013,4
2013-04-25,61.4,62.58,61.3,61.75,5834100,0.0,0,25,2013,4
2013-04-26,61.74,61.99,61.24,61.4,4355300,0.0,0,26,2013,4
2013-04-29,61.64,61.81,61.28,61.29,2931000,0.0,0,29,2013,4
2013-04-30,61.52,62.06,61.27,62.0,4685400,0.0,0,30,2013,4
2013-05-01,61.86,62.4,61.77,61.88,3767300,0.0,0,01,2013,5
2013-05-02,62.02,62.96,61.96,62.88,3575900,0.0,0,02,2013,5
2013-05-03,63.37,64.43,63.35,63.65,6986600,0.0,0,03,2013,5
2013-05-06,63.64,63.97,63.4,63.5,4685300,0.0,0,06,2013,5
2013-05-07,63.5,63.86,63.4,63.66,4374900,0.0,0,07,2013,5
2013-05-08,63.37,63.82,63.05,63.72,3587500,0.0,0,08,2013,5
2013-05-09,63.67,63.9,63.18,63.63,3754900,0.0,0,09,2013,5
2013-05-10,63.59,63.67,63.12,63.51,3543100,0.0,0,10,2013,5
2013-05-13,63.52,63.63,62.84,63.25,5139300,0.0,0,13,2013,5
2013-05-14,63.4,64.9,63.31,64.81,6114300,0.0,0,14,2013,5
2013-05-15,64.65,66.2,64.65,65.96,5215300,0.0,0,15,2013,5
2013-05-16,65.81,66.11,65.37,65.46,3861500,0.0,0,16,2013,5
2013-05-17,65.51,66.5,65.49,66.45,4866500,0.0,0,17,2013,5
2013-05-20,66.44,67.56,66.36,67.43,5345300,0.0,0,20,2013,5
2013-05-21,67.49,68.39,67.43,68.07,5130200,0.0,0,21,2013,5
2013-05-22,68.36,69.79,67.32,67.47,12449000,0.0,0,22,2013,5
2013-05-23,66.96,67.96,66.71,67.69,7985100,0.0,0,23,2013,5
2013-05-24,67.15,68.29,67.05,68.22,5564000,0.0,0,24,2013,5
2013-05-28,68.8,69.89,68.78,69.02,7341400,0.0,0,28,2013,5
2013-05-29,68.7,69.47,68.33,68.72,5679200,0.0,0,29,2013,5
2013-05-30,68.9,69.69,68.81,69.01,5417400,0.0,0,30,2013,5
2013-05-31,69.0,70.14,68.62,68.62,7187700,0.0,0,31,2013,5
2013-06-03,68.78,69.49,68.54,69.31,6777800,0.0,0,03,2013,6
2013-06-04,69.33,70.0,68.84,68.93,5667700,0.0,0,04,2013,6
2013-06-05,68.86,69.13,67.65,67.76,6267300,0.0,0,05,2013,6
2013-06-06,67.75,69.11,67.65,69.1,5455600,0.0,0,06,2013,6
2013-06-07,69.5,70.8,69.29,70.73,6826100,0.0,0,07,2013,6
2013-06-10,70.67,71.24,70.41,70.95,4035100,0.0,0,10,2013,6
2013-06-11,70.34,70.56,69.33,69.35,5442800,0.0,0,11,2013,6
2013-06-12,69.73,69.79,67.68,67.72,7057200,0.0,0,12,2013,6
2013-06-13,67.48,68.21,66.88,68.16,6738900,0.0,0,13,2013,6
2013-06-14,67.78,67.95,65.91,66.13,8451000,0.0,0,14,2013,6
2013-06-17,66.79,67.26,66.51,66.92,6020900,0.0,0,17,2013,6
2013-06-18,67.14,68.4,67.09,67.95,5714700,0.0,0,18,2013,6
2013-06-19,67.9,68.06,67.24,67.27,5989300,0.0,0,19,2013,6
2013-06-20,66.85,67.07,65.99,66.09,5656500,0.0,0,20,2013,6
2013-06-21,66.5,66.88,65.59,66.44,7547300,0.0,0,21,2013,6
2013-06-24,65.77,66.02,64.96,65.26,6293100,0.0,0,24,2013,6
2013-06-25,65.82,66.75,65.76,66.37,4754200,0.0,0,25,2013,6
2013-06-26,66.74,67.29,66.46,66.98,4894200,0.0,0,26,2013,6
2013-06-27,67.41,68.36,67.41,68.08,4215300,0.0,0,27,2013,6
2013-06-28,67.98,68.27,67.37,67.76,7964400,0.0,0,28,2013,6
2013-07-01,68.45,69.3,68.36,68.55,5007600,0.0,0,01,2013,7
2013-07-02,68.57,69.35,67.54,67.83,5041200,0.23,0,02,2013,7
2013-07-03,67.29,67.98,67.19,67.8,3007000,0.0,0,03,2013,7
2013-07-05,68.46,69.43,68.29,69.37,4501500,0.0,0,05,2013,7
2013-07-08,69.92,70.73,69.86,70.03,5106200,0.0,0,08,2013,7
2013-07-09,70.67,70.86,70.07,70.55,3915200,0.0,0,09,2013,7
2013-07-10,70.35,70.52,69.03,69.39,4872200,0.0,0,10,2013,7
2013-07-11,70.49,70.56,69.6,69.94,5715000,0.0,0,11,2013,7
2013-07-12,70.3,71.32,70.26,71.21,4878200,0.0,0,12,2013,7
2013-07-15,71.46,71.48,70.45,70.77,4243300,0.0,0,15,2013,7
2013-07-16,70.99,71.22,70.68,71.15,4637600,0.0,0,16,2013,7
2013-07-17,68.5,70.41,67.83,69.82,16305300,0.0,0,17,2013,7
2013-07-18,68.58,68.86,67.14,67.28,10352300,0.0,0,18,2013,7
2013-07-19,66.93,67.94,66.79,67.33,8072500,0.0,0,19,2013,7
2013-07-22,67.66,68.36,67.46,67.93,5456700,0.0,0,22,2013,7
2013-07-23,68.21,68.34,67.6,67.64,4113000,0.0,0,23,2013,7
2013-07-24,68.04,69.15,67.95,68.51,6139000,0.0,0,24,2013,7
2013-07-25,68.23,68.92,68.21,68.88,4080300,0.0,0,25,2013,7
2013-07-26,68.63,68.68,67.64,68.49,3537600,0.0,0,26,2013,7
2013-07-29,68.33,68.51,67.57,68.23,3249400,0.0,0,29,2013,7
2013-07-30,68.62,68.67,68.03,68.35,3762200,0.0,0,30,2013,7
2013-07-31,68.32,68.96,66.79,67.06,10320700,0.0,0,31,2013,7
2013-08-01,67.75,69.18,67.73,68.75,5981400,0.0,0,01,2013,8
2013-08-02,68.74,68.84,68.18,68.81,2485400,0.0,0,02,2013,8
2013-08-05,68.61,69.13,68.37,69.03,2237100,0.0,0,05,2013,8
2013-08-06,68.97,69.18,68.61,68.92,2566000,0.0,0,06,2013,8
2013-08-07,68.6,68.83,68.04,68.31,3083900,0.0,0,07,2013,8
2013-08-08,68.9,70.24,68.62,69.26,3293600,0.0,0,08,2013,8
2013-08-09,69.25,69.42,68.19,68.63,3963600,0.0,0,09,2013,8
2013-08-12,68.28,68.73,68.08,68.63,2292600,0.0,0,12,2013,8
2013-08-13,68.63,69.49,68.08,69.3,2964900,0.0,0,13,2013,8
2013-08-14,69.13,69.48,68.86,68.98,2945400,0.0,0,14,2013,8
2013-08-15,68.43,68.57,67.83,68.07,3834400,0.0,0,15,2013,8
2013-08-16,68.05,68.5,67.86,68.33,4248200,0.0,0,16,2013,8
2013-08-19,68.29,68.37,67.54,67.58,3478900,0.0,0,19,2013,8
2013-08-20,67.64,67.88,67.09,67.52,2900900,0.0,0,20,2013,8
2013-08-21,67.28,67.57,66.59,66.76,2983100,0.0,0,21,2013,8
2013-08-22,66.96,67.27,66.73,67.14,2354900,0.0,0,22,2013,8
2013-08-23,67.15,67.27,66.48,66.95,2518500,0.0,0,23,2013,8
2013-08-26,67.05,67.7,66.75,66.92,2372400,0.0,0,26,2013,8
2013-08-27,66.18,66.3,65.24,65.37,3712600,0.0,0,27,2013,8
2013-08-28,65.18,65.76,65.03,65.46,2963200,0.0,0,28,2013,8
2013-08-29,65.28,66.02,65.07,65.65,2957100,0.0,0,29,2013,8
2013-08-30,65.59,65.67,64.97,65.37,3779500,0.0,0,30,2013,8
2013-09-03,65.99,66.73,65.58,65.84,3994100,0.0,0,03,2013,9
2013-09-04,65.93,66.82,65.66,66.49,2913300,0.0,0,04,2013,9
2013-09-05,66.51,67.48,66.26,67.09,3600700,0.0,0,05,2013,9
2013-09-06,67.2,67.29,65.82,66.68,3369200,0.0,0,06,2013,9
2013-09-09,66.9,67.1,66.5,66.96,3189500,0.0,0,09,2013,9
2013-09-10,67.47,67.87,67.27,67.82,3269100,0.0,0,10,2013,9
2013-09-11,67.91,68.38,67.63,68.34,3297900,0.0,0,11,2013,9
2013-09-12,68.44,68.73,68.15,68.44,2502200,0.0,0,12,2013,9
2013-09-13,68.71,68.86,68.24,68.45,2664400,0.0,0,13,2013,9
2013-09-16,69.4,69.48,68.58,68.73,4536200,0.0,0,16,2013,9
2013-09-17,68.73,70.0,68.73,69.93,4047200,0.0,0,17,2013,9
2013-09-18,69.99,70.73,69.58,70.58,4136000,0.0,0,18,2013,9
2013-09-19,70.73,70.82,70.13,70.52,3997600,0.0,0,19,2013,9
2013-09-20,70.56,70.81,70.13,70.29,10105500,0.0,0,20,2013,9
2013-09-23,70.26,70.6,69.21,69.49,4078900,0.0,0,23,2013,9
2013-09-24,69.44,69.94,69.05,69.15,3020200,0.0,0,24,2013,9
2013-09-25,69.21,69.6,68.74,69.08,3090300,0.0,0,25,2013,9
2013-09-26,69.09,70.0,68.89,69.38,2927000,0.0,0,26,2013,9
2013-09-27,69.14,69.17,68.57,68.99,2522500,0.0,0,27,2013,9
2013-09-30,68.15,68.95,67.85,68.65,3330500,0.0,0,30,2013,9
2013-10-01,68.76,69.1,68.59,69.03,2969600,0.0,0,01,2013,10
2013-10-02,68.51,68.65,67.63,68.0,4363400,0.23,0,02,2013,10
2013-10-03,67.58,67.74,66.84,67.49,4364500,0.0,0,03,2013,10
2013-10-04,67.37,67.78,67.12,67.76,2883500,0.0,0,04,2013,10
2013-10-07,67.02,67.05,66.47,66.51,3320300,0.0,0,07,2013,10
2013-10-08,66.59,66.65,65.77,65.85,3945800,0.0,0,08,2013,10
2013-10-09,66.0,66.3,65.72,65.85,4701500,0.0,0,09,2013,10
2013-10-10,66.74,68.09,66.57,68.08,3769900,0.0,0,10,2013,10
2013-10-11,68.09,68.79,67.85,68.75,3913900,0.0,0,11,2013,10
2013-10-14,68.69,69.4,68.48,69.36,3017200,0.0,0,14,2013,10
2013-10-15,68.96,69.63,68.6,68.62,4113700,0.0,0,15,2013,10
2013-10-16,68.97,69.98,68.8,69.59,6468200,0.0,0,16,2013,10
2013-10-17,71.07,73.31,70.94,73.16,10366600,0.0,0,17,2013,10
2013-10-18,73.05,73.57,72.32,73.42,7598200,0.0,0,18,2013,10
2013-10-21,73.37,73.85,73.23,73.31,3691500,0.0,0,21,2013,10
2013-10-22,73.65,74.01,73.34,73.74,3300000,0.0,0,22,2013,10
2013-10-23,73.46,73.69,72.96,73.52,2895100,0.0,0,23,2013,10
2013-10-24,73.65,73.86,73.36,73.77,3181800,0.0,0,24,2013,10
2013-10-25,73.64,75.38,73.64,75.33,6291100,0.0,0,25,2013,10
2013-10-28,75.43,75.81,74.8,75.46,4566100,0.0,0,28,2013,10
2013-10-29,75.79,76.36,75.62,76.28,3485200,0.0,0,29,2013,10
2013-10-30,76.32,76.44,75.5,75.77,3747800,0.0,0,30,2013,10
2013-10-31,75.49,75.67,74.49,74.59,5637700,0.0,0,31,2013,10
2013-11-01,74.88,75.35,74.58,74.92,3358900,0.0,0,01,2013,11
2013-11-04,75.14,75.35,74.54,74.71,2643600,0.0,0,04,2013,11
2013-11-05,74.43,74.89,73.94,74.68,2591400,0.0,0,05,2013,11
2013-11-06,75.27,75.32,74.61,74.88,2636900,0.0,0,06,2013,11
2013-11-07,75.07,75.32,73.75,73.79,3485800,0.0,0,07,2013,11
2013-11-08,74.14,74.72,73.93,74.57,4369500,0.0,0,08,2013,11
2013-11-11,74.4,74.48,74.03,74.22,2224200,0.0,0,11,2013,11
2013-11-12,74.07,74.18,73.48,73.89,2237200,0.0,0,12,2013,11
2013-11-13,73.47,74.29,73.15,74.26,2828200,0.0,0,13,2013,11
2013-11-14,74.41,74.69,74.18,74.67,2284100,0.0,0,14,2013,11
2013-11-15,75.71,75.92,75.11,75.5,4439700,0.0,0,15,2013,11
2013-11-18,75.55,75.66,74.92,75.08,3104800,0.0,0,18,2013,11
2013-11-19,75.12,75.57,75.02,75.19,2775000,0.0,0,19,2013,11
2013-11-20,75.65,76.06,74.73,75.0,3510500,0.0,0,20,2013,11
2013-11-21,75.34,76.59,75.29,76.55,4355200,0.0,0,21,2013,11
2013-11-22,76.52,76.53,76.02,76.46,2690300,0.0,0,22,2013,11
2013-11-25,76.89,77.29,76.67,77.13,3657700,0.0,0,25,2013,11
2013-11-26,77.28,78.04,77.23,77.59,4896800,0.0,0,26,2013,11
2013-11-27,77.74,78.11,77.49,78.04,2520000,0.0,0,27,2013,11
2013-11-29,78.31,78.59,77.97,78.23,2144600,0.0,0,29,2013,11
2013-12-02,78.44,78.9,77.65,77.77,3620800,0.0,0,02,2013,12
2013-12-03,77.41,77.81,76.78,77.15,3546100,0.0,0,03,2013,12
2013-12-04,76.79,77.72,76.37,77.05,3579700,0.0,0,04,2013,12
2013-12-05,76.84,77.5,76.73,77.09,3677800,0.0,0,05,2013,12
2013-12-06,78.04,78.5,77.82,78.35,2666600,0.0,0,06,2013,12
2013-12-09,78.57,78.78,77.82,78.19,2436500,0.0,0,09,2013,12
2013-12-10,77.85,78.18,77.58,77.77,2354200,0.0,0,10,2013,12
2013-12-11,77.76,78.12,76.42,76.5,3782300,0.0,0,11,2013,12
2013-12-12,76.39,76.85,75.87,75.96,3574300,0.0,0,12,2013,12
2013-12-13,75.97,76.52,75.89,76.3,3594900,0.0,0,13,2013,12
2013-12-16,76.56,77.48,76.56,77.07,3599000,0.0,0,16,2013,12
2013-12-17,77.24,77.25,76.58,76.69,2893700,0.0,0,17,2013,12
2013-12-18,76.87,78.53,76.18,78.41,5332300,0.0,0,18,2013,12
2013-12-19,78.36,78.9,78.34,78.79,3956300,0.0,0,19,2013,12
2013-12-20,79.06,80.04,78.82,79.85,6294500,0.0,0,20,2013,12
2013-12-23,80.24,80.77,80.19,80.52,3242600,0.0,0,23,2013,12
2013-12-24,80.55,80.92,80.41,80.87,1042700,0.0,0,24,2013,12
2013-12-26,81.06,81.36,80.93,81.15,1745200,0.0,0,26,2013,12
2013-12-27,80.99,81.62,80.99,81.33,1797400,0.0,0,27,2013,12
2013-12-30,81.33,81.72,81.28,81.69,1769000,0.0,0,30,2013,12
2013-12-31,81.95,82.78,81.63,82.73,3083500,0.0,0,31,2013,12
2014-01-02,82.89,83.05,81.5,81.56,5112000,0.0,0,02,2014,1
2014-01-03,81.29,82.14,80.82,81.83,3888500,0.0,0,03,2014,1
2014-01-06,81.79,82.29,81.5,81.79,2844700,0.0,0,06,2014,1
2014-01-07,82.22,82.7,81.16,81.48,4039500,0.0,0,07,2014,1
2014-01-08,81.05,81.95,81.05,81.74,3880200,0.23,0,08,2014,1
2014-01-09,82.18,82.21,80.51,81.25,3469200,0.0,0,09,2014,1
2014-01-10,81.6,81.87,80.54,80.95,2901600,0.0,0,10,2014,1
2014-01-13,80.92,81.36,79.42,79.52,5641000,0.0,0,13,2014,1
2014-01-14,79.61,79.95,78.68,79.64,4777900,0.0,0,14,2014,1
2014-01-15,79.95,80.93,79.61,80.68,4494900,0.0,0,15,2014,1
2014-01-16,80.45,80.67,79.77,80.25,3326100,0.0,0,16,2014,1
2014-01-17,83.95,85.59,82.78,83.16,14989900,0.0,0,17,2014,1
2014-01-21,84.08,84.75,81.95,82.82,7954600,0.0,0,21,2014,1
2014-01-22,82.86,83.57,82.84,83.31,3848700,0.0,0,22,2014,1
2014-01-23,82.72,82.72,81.07,81.52,5260900,0.0,0,23,2014,1
2014-01-24,80.96,81.7,79.22,79.49,6289300,0.0,0,24,2014,1
2014-01-27,79.67,80.24,78.35,78.36,5651400,0.0,0,27,2014,1
2014-01-28,78.48,79.7,78.25,79.2,4108700,0.0,0,28,2014,1
2014-01-29,78.88,79.44,78.1,78.21,3357900,0.0,0,29,2014,1
2014-01-30,79.03,79.52,78.68,79.19,4259000,0.0,0,30,2014,1
2014-01-31,77.96,78.54,77.62,77.72,4778000,0.0,0,31,2014,1
2014-02-03,77.7,78.09,75.67,75.75,5769800,0.0,0,03,2014,2
2014-02-04,76.05,77.44,75.54,76.79,5380500,0.0,0,04,2014,2
2014-02-05,76.34,76.9,75.83,76.54,3260100,0.0,0,05,2014,2
2014-02-06,77.25,78.4,77.08,78.34,5432400,0.0,0,06,2014,2
2014-02-07,78.58,79.69,78.42,79.53,4495200,0.0,0,07,2014,2
2014-02-10,80.29,81.33,79.99,80.76,5387900,0.0,0,10,2014,2
2014-02-11,80.78,81.22,80.6,80.98,3602400,0.0,0,11,2014,2
2014-02-12,81.08,81.41,80.81,81.38,2488600,0.0,0,12,2014,2
2014-02-13,80.79,81.34,80.46,81.27,2759700,0.0,0,13,2014,2
2014-02-14,81.23,81.61,80.69,81.36,2671800,0.0,0,14,2014,2
2014-02-18,81.18,81.49,80.71,81.38,3591600,0.0,0,18,2014,2
2014-02-19,81.26,82.57,81.13,81.22,4332300,0.0,0,19,2014,2
2014-02-20,81.18,81.57,80.56,81.37,4411800,0.0,0,20,2014,2
2014-02-21,81.42,81.74,80.96,81.13,3808700,0.0,0,21,2014,2
2014-02-24,81.17,82.67,81.17,82.2,3261200,0.0,0,24,2014,2
2014-02-25,82.28,82.61,81.5,82.19,2914800,0.0,0,25,2014,2
2014-02-26,82.42,82.91,81.55,82.03,4840200,0.0,0,26,2014,2
2014-02-27,81.96,82.67,81.83,82.54,3075600,0.0,0,27,2014,2
2014-02-28,82.5,84.23,82.36,83.45,4689200,0.0,0,28,2014,2
2014-03-03,82.82,82.85,81.51,82.25,3465300,0.0,0,03,2014,3
2014-03-04,83.24,84.73,83.22,84.66,3752000,0.0,0,04,2014,3
2014-03-05,84.64,84.64,84.02,84.23,3086400,0.0,0,05,2014,3
2014-03-06,84.62,85.6,84.43,85.49,3957900,0.0,0,06,2014,3
2014-03-07,86.03,86.25,85.35,85.81,3864600,0.0,0,07,2014,3
2014-03-10,85.59,85.82,85.15,85.66,2218700,0.0,0,10,2014,3
2014-03-11,85.78,85.82,85.05,85.2,1946200,0.0,0,11,2014,3
2014-03-12,84.73,84.95,84.01,84.93,2486100,0.0,0,12,2014,3
2014-03-13,85.2,85.46,82.65,82.91,3990200,0.0,0,13,2014,3
2014-03-14,82.78,83.39,81.95,82.43,3583900,0.0,0,14,2014,3
2014-03-17,82.74,83.86,82.72,83.43,3033000,0.0,0,17,2014,3
2014-03-18,83.44,84.08,83.31,83.73,2348300,0.0,0,18,2014,3
2014-03-19,83.8,84.07,82.53,82.94,3425700,0.0,0,19,2014,3
2014-03-20,82.72,84.01,82.49,83.82,3779700,0.0,0,20,2014,3
2014-03-21,84.82,85.68,83.52,83.67,6684500,0.0,0,21,2014,3
2014-03-24,83.78,83.88,82.54,83.2,2520600,0.0,0,24,2014,3
2014-03-25,83.53,84.01,82.85,83.04,2420000,0.0,0,25,2014,3
2014-03-26,83.52,83.82,81.94,81.97,3011200,0.0,0,26,2014,3
2014-03-27,82.0,82.67,81.61,82.27,3602800,0.0,0,27,2014,3
2014-03-28,82.52,83.7,82.28,82.7,3138900,0.0,0,28,2014,3
2014-03-31,83.26,84.05,82.17,82.3,5172400,0.0,0,31,2014,3
2014-04-01,82.64,83.4,82.47,83.35,2821600,0.0,0,01,2014,4
2014-04-02,83.26,83.48,82.6,82.85,2886700,0.23,0,02,2014,4
2014-04-03,83.1,83.58,82.85,83.38,2483600,0.0,0,03,2014,4
2014-04-04,83.56,83.77,81.63,81.72,2933600,0.0,0,04,2014,4
2014-04-07,81.6,81.96,79.32,79.37,5557600,0.0,0,07,2014,4
2014-04-08,79.4,79.55,78.43,79.27,3880300,0.0,0,08,2014,4
2014-04-09,79.64,81.31,79.41,81.31,3592900,0.0,0,09,2014,4
2014-04-10,81.08,81.34,78.18,78.23,5213800,0.0,0,10,2014,4
2014-04-11,77.81,78.31,76.98,77.48,4014300,0.0,0,11,2014,4
2014-04-14,77.98,79.13,77.02,78.36,4011900,0.0,0,14,2014,4
2014-04-15,78.7,79.49,77.28,78.86,3741700,0.0,0,15,2014,4
2014-04-16,79.59,80.17,79.26,80.1,4055100,0.0,0,16,2014,4
2014-04-17,79.88,80.58,77.99,79.02,9244400,0.0,0,17,2014,4
2014-04-21,79.17,79.61,78.97,79.43,3762300,0.0,0,21,2014,4
2014-04-22,79.47,80.14,79.21,79.8,3420400,0.0,0,22,2014,4
2014-04-23,79.74,80.32,79.43,79.85,3788200,0.0,0,23,2014,4
2014-04-24,79.97,80.63,79.65,80.11,3187000,0.0,0,24,2014,4
2014-04-25,79.75,80.01,79.39,79.76,4226100,0.0,0,25,2014,4
2014-04-28,80.14,80.27,78.68,79.79,4760400,0.0,0,28,2014,4
2014-04-29,80.05,80.61,79.91,80.46,2852900,0.0,0,29,2014,4
2014-04-30,80.29,80.34,79.7,80.13,4351600,0.0,0,30,2014,4
2014-05-01,80.22,80.27,79.12,79.57,4679900,0.0,0,01,2014,5
2014-05-02,79.52,80.02,79.19,79.67,3707400,0.0,0,02,2014,5
2014-05-05,78.82,80.12,78.59,80.06,3340000,0.0,0,05,2014,5
2014-05-06,79.96,79.96,78.89,79.0,3269400,0.0,0,06,2014,5
2014-05-07,79.54,80.7,78.92,80.63,4601500,0.0,0,07,2014,5
2014-05-08,80.54,81.82,80.34,81.22,4220200,0.0,0,08,2014,5
2014-05-09,81.07,81.6,80.77,81.42,2344700,0.0,0,09,2014,5
2014-05-12,81.95,82.46,81.86,82.17,2343800,0.0,0,12,2014,5
2014-05-13,82.16,82.48,81.6,81.65,2298500,0.0,0,13,2014,5
2014-05-14,81.72,81.96,80.94,81.07,2238500,0.0,0,14,2014,5
2014-05-15,80.83,81.18,79.84,80.28,3324400,0.0,0,15,2014,5
2014-05-16,80.28,80.43,79.64,80.19,3062400,0.0,0,16,2014,5
2014-05-19,79.9,80.85,79.84,80.76,2000300,0.0,0,19,2014,5
2014-05-20,80.49,80.7,79.61,79.82,2798400,0.0,0,20,2014,5
2014-05-21,80.26,80.78,80.08,80.52,2525600,0.0,0,21,2014,5
2014-05-22,80.46,81.01,80.24,80.79,2654800,0.0,0,22,2014,5
2014-05-23,80.75,81.44,80.65,81.37,1858200,0.0,0,23,2014,5
2014-05-27,82.12,83.83,81.89,83.76,5093800,0.0,0,27,2014,5
2014-05-28,83.69,83.73,83.06,83.46,2466800,0.0,0,28,2014,5
2014-05-29,83.51,83.68,82.97,83.66,2668500,0.0,0,29,2014,5
2014-05-30,83.4,84.02,83.3,83.86,3594800,0.0,0,30,2014,5
2014-06-02,84.13,84.42,83.8,84.22,2832100,0.0,0,02,2014,6
2014-06-03,83.96,84.18,83.65,84.07,2589100,0.0,0,03,2014,6
2014-06-04,83.94,84.23,83.7,84.14,2637000,0.0,0,04,2014,6
2014-06-05,84.24,85.43,83.89,85.05,3219200,0.0,0,05,2014,6
2014-06-06,85.18,87.01,85.07,86.98,4550800,0.0,0,06,2014,6
2014-06-09,87.14,87.87,86.75,87.59,3825200,0.0,0,09,2014,6
2014-06-10,87.15,87.42,86.77,87.32,2418300,0.0,0,10,2014,6
2014-06-11,87.01,87.31,86.74,87.14,1884000,0.0,0,11,2014,6
2014-06-12,87.39,87.51,86.48,86.85,2870500,0.0,0,12,2014,6
2014-06-13,87.02,87.22,86.5,86.93,1793000,0.0,0,13,2014,6
2014-06-16,86.48,86.84,86.0,86.49,2832500,0.0,0,16,2014,6
2014-06-17,86.49,87.25,86.16,86.76,2572300,0.0,0,17,2014,6
2014-06-18,86.84,87.61,86.22,87.58,2454800,0.0,0,18,2014,6
2014-06-19,87.49,87.71,86.64,87.13,3206400,0.0,0,19,2014,6
2014-06-20,87.6,88.02,87.09,87.56,5387400,0.0,0,20,2014,6
2014-06-23,87.37,87.75,86.87,87.53,2102500,0.0,0,23,2014,6
2014-06-24,87.15,87.57,86.38,86.54,2088700,0.0,0,24,2014,6
2014-06-25,86.39,87.26,86.33,86.74,2398400,0.0,0,25,2014,6
2014-06-26,86.91,87.01,85.73,86.43,2594800,0.0,0,26,2014,6
2014-06-27,86.38,87.11,86.27,87.0,3630700,0.0,0,27,2014,6
2014-06-30,87.07,87.38,86.65,86.95,2634300,0.0,0,30,2014,6
2014-07-01,87.45,88.2,87.32,87.39,3026300,0.0,0,01,2014,7
2014-07-02,87.24,87.78,87.12,87.26,1595500,0.0,0,02,2014,7
2014-07-03,87.6,87.93,87.27,87.84,1633800,0.0,0,03,2014,7
2014-07-07,87.53,87.67,87.18,87.43,1962800,0.0,0,07,2014,7
2014-07-08,86.99,87.08,85.76,86.67,2828700,0.0,0,08,2014,7
2014-07-09,87.71,87.81,86.76,87.07,2645500,0.26,0,09,2014,7
2014-07-10,85.97,87.13,85.62,86.81,2230000,0.0,0,10,2014,7
2014-07-11,86.64,86.93,86.16,86.82,2108500,0.0,0,11,2014,7
2014-07-14,87.52,87.84,86.78,86.88,2388000,0.0,0,14,2014,7
2014-07-15,87.11,87.45,86.39,86.8,3499200,0.0,0,15,2014,7
2014-07-16,87.13,87.39,86.64,86.82,2738000,0.0,0,16,2014,7
2014-07-17,86.35,87.03,85.39,85.46,3110800,0.0,0,17,2014,7
2014-07-18,85.76,86.32,85.56,85.96,3363000,0.0,0,18,2014,7
2014-07-21,85.74,85.84,84.9,85.36,2321800,0.0,0,21,2014,7
2014-07-22,85.94,86.44,85.67,85.81,2411600,0.0,0,22,2014,7
2014-07-23,85.64,86.01,85.3,85.73,1984800,0.0,0,23,2014,7
2014-07-24,85.77,86.04,85.33,85.61,3023400,0.0,0,24,2014,7
2014-07-25,85.23,85.53,84.16,84.49,3903500,0.0,0,25,2014,7
2014-07-28,84.46,84.58,83.54,84.42,4274000,0.0,0,28,2014,7
2014-07-29,84.39,84.76,84.1,84.28,4773300,0.0,0,29,2014,7
2014-07-30,84.65,84.84,82.75,83.55,5069300,0.0,0,30,2014,7
2014-07-31,82.78,82.95,80.86,80.87,7561100,0.0,0,31,2014,7
2014-08-01,80.33,80.63,78.81,79.47,12258300,0.0,0,01,2014,8
2014-08-04,79.59,80.18,79.45,79.89,5743800,0.0,0,04,2014,8
2014-08-05,79.63,79.97,78.93,79.37,5004400,0.0,0,05,2014,8
2014-08-06,79.07,79.76,79.04,79.4,4805600,0.0,0,06,2014,8
2014-08-07,79.76,80.08,78.93,79.05,4539100,0.0,0,07,2014,8
2014-08-08,79.12,80.42,78.95,80.39,4206700,0.0,0,08,2014,8
2014-08-11,80.8,81.02,79.9,79.91,3594400,0.0,0,11,2014,8
2014-08-12,79.95,80.04,79.68,80.03,3106600,0.0,0,12,2014,8
2014-08-13,80.36,80.94,80.1,80.32,2590600,0.0,0,13,2014,8
2014-08-14,80.41,80.69,80.05,80.2,3498800,0.0,0,14,2014,8
2014-08-15,80.67,80.76,79.25,79.59,3290800,0.0,0,15,2014,8
2014-08-18,80.22,80.4,79.94,80.1,2662100,0.0,0,18,2014,8
2014-08-19,80.49,81.13,80.37,80.98,3523700,0.0,0,19,2014,8
2014-08-20,80.88,81.47,80.78,81.32,3142900,0.0,0,20,2014,8
2014-08-21,81.46,82.1,81.42,81.92,3019300,0.0,0,21,2014,8
2014-08-22,81.69,82.26,81.64,81.68,2796200,0.0,0,22,2014,8
2014-08-25,82.31,82.91,82.09,82.34,3730000,0.0,0,25,2014,8
2014-08-26,82.35,82.65,81.87,81.93,2934600,0.0,0,26,2014,8
2014-08-27,82.02,82.34,81.78,82.01,2632300,0.0,0,27,2014,8
2014-08-28,81.65,82.1,81.43,81.81,3324900,0.0,0,28,2014,8
2014-08-29,82.13,82.44,81.88,82.3,2672700,0.0,0,29,2014,8
2014-09-02,82.62,82.83,82.05,82.45,3592100,0.0,0,02,2014,9
2014-09-03,82.83,83.16,82.71,82.84,2930800,0.0,0,03,2014,9
2014-09-04,82.81,83.13,82.18,82.39,2594100,0.0,0,04,2014,9
2014-09-05,82.38,82.47,81.81,82.35,2571200,0.0,0,05,2014,9
2014-09-08,82.16,82.56,81.44,81.73,3617600,0.0,0,08,2014,9
2014-09-09,81.66,81.7,80.64,80.78,4014300,0.0,0,09,2014,9
2014-09-10,80.97,81.48,80.88,81.25,3471000,0.0,0,10,2014,9
2014-09-11,80.88,81.43,80.76,81.26,2757000,0.0,0,11,2014,9
2014-09-12,81.04,81.15,80.36,80.54,4724500,0.0,0,12,2014,9
2014-09-15,81.2,81.2,80.06,80.3,3983800,0.0,0,15,2014,9
2014-09-16,80.1,81.52,79.84,81.2,5946200,0.0,0,16,2014,9
2014-09-17,81.43,82.31,81.18,81.86,4460700,0.0,0,17,2014,9
2014-09-18,82.1,83.25,82.08,82.8,4309800,0.0,0,18,2014,9
2014-09-19,83.34,83.34,82.18,82.44,7118600,0.0,0,19,2014,9
2014-09-22,82.33,82.79,81.7,81.78,3134700,0.0,0,22,2014,9
2014-09-23,81.38,82.03,81.09,81.16,3711000,0.0,0,23,2014,9
2014-09-24,81.31,81.47,80.75,81.35,5089900,0.0,0,24,2014,9
2014-09-25,81.34,81.63,79.73,79.73,5648000,0.0,0,25,2014,9
2014-09-26,80.1,81.49,79.91,81.21,4480300,0.0,0,26,2014,9
2014-09-29,80.53,80.9,80.08,80.83,3304100,0.0,0,29,2014,9
2014-09-30,81.06,81.17,80.28,80.45,3867100,0.0,0,30,2014,9
2014-10-01,80.1,80.48,78.82,79.1,4777800,0.26,0,01,2014,10
2014-10-02,79.63,79.73,78.4,79.15,4216800,0.0,0,02,2014,10
2014-10-03,79.88,80.48,79.47,80.34,4601400,0.0,0,03,2014,10
2014-10-06,80.82,81.09,79.97,80.22,3147300,0.0,0,06,2014,10
2014-10-07,79.69,79.69,78.65,78.67,3905000,0.0,0,07,2014,10
2014-10-08,78.73,80.63,78.35,80.57,4238200,0.0,0,08,2014,10
2014-10-09,80.5,81.1,79.11,79.17,5394400,0.0,0,09,2014,10
2014-10-10,79.07,79.92,78.34,78.34,4226400,0.0,0,10,2014,10
2014-10-13,78.13,78.58,76.15,76.3,5072300,0.0,0,13,2014,10
2014-10-14,76.75,76.87,76.05,76.27,6165000,0.0,0,14,2014,10
2014-10-15,74.94,75.39,72.28,74.6,9155600,0.0,0,15,2014,10
2014-10-16,74.01,75.1,72.64,73.96,9159300,0.0,0,16,2014,10
2014-10-17,74.58,77.91,74.57,76.12,9175000,0.0,0,17,2014,10
2014-10-20,76.31,77.52,76.16,77.44,5231100,0.0,0,20,2014,10
2014-10-21,78.07,78.96,77.83,78.94,4847100,0.0,0,21,2014,10
2014-10-22,78.92,79.15,77.36,77.39,5182200,0.0,0,22,2014,10
2014-10-23,78.47,79.13,78.23,78.91,5000300,0.0,0,23,2014,10
2014-10-24,78.99,79.67,78.89,79.64,3608000,0.0,0,24,2014,10
2014-10-27,79.28,79.96,79.05,79.85,3610100,0.0,0,27,2014,10
2014-10-28,80.26,81.12,80.16,81.12,3598400,0.0,0,28,2014,10
2014-10-29,81.34,82.03,80.79,81.43,4592500,0.0,0,29,2014,10
2014-10-30,81.66,82.49,81.3,81.8,5072900,0.0,0,30,2014,10
2014-10-31,82.9,83.51,82.38,82.91,6848600,0.0,0,31,2014,10
2014-11-03,83.25,84.07,83.16,83.74,3707900,0.0,0,03,2014,11
2014-11-04,83.53,84.28,83.42,84.23,3163100,0.0,0,04,2014,11
2014-11-05,84.58,85.22,84.58,85.19,3617600,0.0,0,05,2014,11
2014-11-06,84.92,84.99,83.98,84.41,6005800,0.0,0,06,2014,11
2014-11-07,84.53,85.24,84.09,85.04,3669200,0.0,0,07,2014,11
2014-11-10,85.0,85.2,84.66,85.17,2938700,0.0,0,10,2014,11
2014-11-11,85.06,85.35,84.33,84.56,2719800,0.0,0,11,2014,11
2014-11-12,84.03,84.5,83.97,84.39,3825500,0.0,0,12,2014,11
2014-11-13,84.53,84.53,83.82,83.94,3638000,0.0,0,13,2014,11
2014-11-14,83.94,84.1,83.28,83.58,2361600,0.0,0,14,2014,11
2014-11-17,83.18,83.2,82.64,83.08,2620600,0.0,0,17,2014,11
2014-11-18,83.15,83.82,82.99,83.49,2175500,0.0,0,18,2014,11
2014-11-19,83.23,83.66,82.98,83.42,2661200,0.0,0,19,2014,11
2014-11-20,82.8,83.8,82.79,83.53,2825700,0.0,0,20,2014,11
2014-11-21,84.49,84.51,83.23,83.32,4039200,0.0,0,21,2014,11
2014-11-24,83.7,84.04,83.15,83.92,3459500,0.0,0,24,2014,11
2014-11-25,84.06,84.41,83.66,84.25,3313700,0.0,0,25,2014,11
2014-11-26,84.53,84.53,83.82,84.29,2218200,0.0,0,26,2014,11
2014-11-28,84.44,85.31,84.41,85.19,3070000,0.0,0,28,2014,11
2014-12-01,84.87,85.38,84.49,84.93,3343000,0.0,0,01,2014,12
2014-12-02,85.35,85.72,85.1,85.72,3111900,0.0,0,02,2014,12
2014-12-03,85.36,85.83,83.93,84.11,5911100,0.0,0,03,2014,12
2014-12-04,84.66,84.66,84.06,84.65,3991000,0.0,0,04,2014,12
2014-12-05,85.07,85.59,84.85,85.4,2872600,0.0,0,05,2014,12
2014-12-08,85.43,86.54,85.17,86.24,4467600,0.0,0,08,2014,12
2014-12-09,84.98,86.09,84.78,86.06,4069100,0.0,0,09,2014,12
2014-12-10,85.59,86.36,85.32,85.49,4658000,0.0,0,10,2014,12
2014-12-11,85.82,87.22,85.68,85.84,4419100,0.0,0,11,2014,12
2014-12-12,85.17,85.74,83.82,83.88,4480300,0.0,0,12,2014,12
2014-12-15,84.29,84.41,82.17,83.0,4766700,0.0,0,15,2014,12
2014-12-16,82.38,83.69,81.29,81.34,4948800,0.0,0,16,2014,12
2014-12-17,81.63,83.48,81.43,83.36,5204400,0.0,0,17,2014,12
2014-12-18,84.53,85.92,84.33,85.88,4554200,0.0,0,18,2014,12
2014-12-19,85.69,86.56,85.12,85.63,7170300,0.0,0,19,2014,12
2014-12-22,85.71,86.33,85.57,86.3,2910800,0.0,0,22,2014,12
2014-12-23,86.37,86.9,86.32,86.48,2864800,0.0,0,23,2014,12
2014-12-24,86.61,87.37,86.61,86.72,1321500,0.0,0,24,2014,12
2014-12-26,86.83,87.38,86.83,86.91,1439900,0.0,0,26,2014,12
2014-12-29,86.65,87.47,86.65,86.89,1483000,0.0,0,29,2014,12
2014-12-30,86.86,87.07,86.67,86.89,1425100,0.0,0,30,2014,12
2014-12-31,87.24,87.34,85.72,85.76,2306200,0.0,0,31,2014,12
2015-01-02,85.88,86.59,84.93,85.74,2437500,0.0,0,02,2015,1
2015-01-05,85.23,85.52,83.25,83.47,3469600,0.0,0,05,2015,1
2015-01-06,83.69,83.79,81.06,81.7,4800300,0.0,0,06,2015,1
2015-01-07,84.14,84.14,82.77,83.48,5665200,0.26,0,07,2015,1
2015-01-08,84.53,84.88,84.13,84.66,3774200,0.0,0,08,2015,1
2015-01-09,84.66,84.87,83.42,83.59,3681700,0.0,0,09,2015,1
2015-01-12,83.66,84.07,82.35,82.74,3230700,0.0,0,12,2015,1
2015-01-13,83.45,84.26,81.75,82.49,3537600,0.0,0,13,2015,1
2015-01-14,80.84,81.74,79.74,80.49,6628400,0.0,0,14,2015,1
2015-01-15,80.89,81.38,78.16,79.39,5830900,0.0,0,15,2015,1
2015-01-16,79.08,79.7,78.34,79.54,6768700,0.0,0,16,2015,1
2015-01-20,79.93,81.09,79.89,80.67,6364100,0.0,0,20,2015,1
2015-01-21,80.95,81.09,80.22,81.05,7185700,0.0,0,21,2015,1
2015-01-22,78.12,79.62,77.19,78.0,16390100,0.0,0,22,2015,1
2015-01-23,78.05,78.88,77.62,77.78,7366100,0.0,0,23,2015,1
2015-01-26,77.45,77.93,76.84,77.01,6632800,0.0,0,26,2015,1
2015-01-27,76.27,76.99,75.88,76.18,6329500,0.0,0,27,2015,1
2015-01-28,76.55,77.09,75.54,75.56,7942200,0.0,0,28,2015,1
2015-01-29,75.87,76.11,75.03,75.81,7545900,0.0,0,29,2015,1
2015-01-30,75.92,75.99,74.48,74.6,7210500,0.0,0,30,2015,1
2015-02-02,74.85,76.04,74.74,75.93,5459300,0.0,0,02,2015,2
2015-02-03,76.34,77.44,76.31,77.41,5586200,0.0,0,03,2015,2
2015-02-04,77.19,78.09,77.04,77.29,6155700,0.0,0,04,2015,2
2015-02-05,77.89,78.52,77.73,78.33,3966600,0.0,0,05,2015,2
2015-02-06,78.68,79.51,78.37,78.59,5139700,0.0,0,06,2015,2
2015-02-09,78.15,78.81,77.93,78.56,3101300,0.0,0,09,2015,2
2015-02-10,79.13,79.48,78.69,79.36,3589900,0.0,0,10,2015,2
2015-02-11,79.38,79.67,78.88,79.51,4374800,0.0,0,11,2015,2
2015-02-12,73.99,75.37,73.96,74.4,32653100,0.0,0,12,2015,2
2015-02-13,73.44,73.73,71.85,72.18,34874400,0.0,0,13,2015,2
2015-02-17,71.33,73.33,71.3,73.11,18578300,0.0,0,17,2015,2
2015-02-18,72.77,74.21,72.77,73.75,13417000,0.0,0,18,2015,2
2015-02-19,73.86,73.94,71.7,72.48,20858000,0.0,0,19,2015,2
2015-02-20,72.31,73.85,72.29,73.8,11348700,0.0,0,20,2015,2
2015-02-23,73.95,74.4,73.47,74.24,6868600,0.0,0,23,2015,2
2015-02-24,74.24,75.53,74.2,74.75,10951000,0.0,0,24,2015,2
2015-02-25,75.03,76.04,74.76,75.96,8184700,0.0,0,25,2015,2
2015-02-26,76.74,77.17,76.19,76.96,8702800,0.0,0,26,2015,2
2015-02-27,76.96,77.08,75.36,75.43,8121200,0.0,0,27,2015,2
2015-03-02,75.43,76.0,75.4,75.83,5503100,0.0,0,02,2015,3
2015-03-03,74.87,75.74,74.79,75.72,6856100,0.0,0,03,2015,3
2015-03-04,75.39,75.4,74.48,74.54,6141000,0.0,0,04,2015,3
2015-03-05,74.57,75.25,74.55,75.02,5571800,0.0,0,05,2015,3
2015-03-06,74.54,75.02,74.01,74.24,6530200,0.0,0,06,2015,3
2015-03-09,74.1,74.72,73.91,74.43,5846100,0.0,0,09,2015,3
2015-03-10,73.71,73.75,72.91,73.13,7525000,0.0,0,10,2015,3
2015-03-11,73.4,73.73,73.13,73.45,4546200,0.0,0,11,2015,3
2015-03-12,74.05,75.81,73.99,75.4,9386600,0.0,0,12,2015,3
2015-03-13,75.34,75.48,73.91,74.51,6919400,0.0,0,13,2015,3
2015-03-16,74.77,75.48,74.65,75.34,5295100,0.0,0,16,2015,3
2015-03-17,75.07,75.08,74.47,74.94,4258200,0.0,0,17,2015,3
2015-03-18,74.49,76.1,74.21,75.68,6449400,0.0,0,18,2015,3
2015-03-19,75.66,75.77,74.83,75.38,4677000,0.0,0,19,2015,3
2015-03-20,75.61,76.79,75.34,76.45,9338100,0.0,0,20,2015,3
2015-03-23,76.45,77.23,75.99,75.99,7291700,0.0,0,23,2015,3
2015-03-24,75.84,75.95,75.13,75.22,5217800,0.0,0,24,2015,3
2015-03-25,75.27,75.32,73.99,74.06,8908000,0.0,0,25,2015,3
2015-03-26,73.65,73.75,72.01,72.55,16181300,0.0,0,26,2015,3
2015-03-27,72.48,72.7,71.84,72.08,9022600,0.0,0,27,2015,3
2015-03-30,72.43,72.8,72.11,72.15,7285200,0.0,0,30,2015,3
2015-03-31,72.25,72.84,72.0,72.46,5918300,0.26,0,31,2015,3
2015-04-01,72.4,73.57,72.21,73.21,6163500,0.0,0,01,2015,4
2015-04-02,73.21,73.99,72.88,73.93,5695200,0.0,0,02,2015,4
2015-04-06,73.59,74.3,73.03,73.86,3831100,0.0,0,06,2015,4
2015-04-07,72.9,73.63,72.59,72.66,5919200,0.0,0,07,2015,4
2015-04-08,72.74,73.61,72.63,72.99,6405800,0.0,0,08,2015,4
2015-04-09,72.93,73.58,72.73,73.43,4288100,0.0,0,09,2015,4
2015-04-10,73.67,74.18,73.46,73.82,3442000,0.0,0,10,2015,4
2015-04-13,73.95,74.2,73.52,73.53,4092000,0.0,0,13,2015,4
2015-04-14,73.83,74.18,73.18,73.73,4213200,0.0,0,14,2015,4
2015-04-15,73.68,74.48,73.67,73.97,6042700,0.0,0,15,2015,4
2015-04-16,73.68,75.29,73.51,75.05,8084800,0.0,0,16,2015,4
2015-04-17,72.72,72.81,70.99,71.72,22112500,0.0,0,17,2015,4
2015-04-20,71.78,72.21,71.39,71.64,8432600,0.0,0,20,2015,4
2015-04-21,71.77,72.16,71.64,71.68,5125000,0.0,0,21,2015,4
2015-04-22,71.8,72.95,71.59,72.76,7318100,0.0,0,22,2015,4
2015-04-23,72.41,72.69,72.11,72.49,4815400,0.0,0,23,2015,4
2015-04-24,72.63,72.66,72.14,72.34,3400700,0.0,0,24,2015,4
2015-04-27,72.19,72.31,71.46,71.88,6901700,0.0,0,27,2015,4
2015-04-28,72.06,72.1,71.37,71.88,6493400,0.0,0,28,2015,4
2015-04-29,71.54,71.86,71.42,71.57,4322600,0.0,0,29,2015,4
2015-04-30,71.46,72.05,71.4,71.84,6754100,0.0,0,30,2015,4
2015-05-01,72.21,72.25,71.71,72.05,3859200,0.0,0,01,2015,5
2015-05-04,72.31,72.85,72.11,72.61,3896700,0.0,0,04,2015,5
2015-05-05,72.33,72.83,72.15,72.2,5325800,0.0,0,05,2015,5
2015-05-06,73.0,73.14,71.78,72.21,5896600,0.0,0,06,2015,5
2015-05-07,72.2,73.04,71.98,72.75,7924600,0.0,0,07,2015,5
2015-05-08,73.18,73.87,73.06,73.26,7198100,0.0,0,08,2015,5
2015-05-11,73.32,74.44,73.29,73.93,5827400,0.0,0,11,2015,5
2015-05-12,73.42,73.68,72.76,73.35,4575700,0.0,0,12,2015,5
2015-05-13,73.74,74.21,73.53,74.08,5494500,0.0,0,13,2015,5
2015-05-14,74.52,75.04,74.46,74.9,4450800,0.0,0,14,2015,5
2015-05-15,75.04,75.28,74.2,74.41,4479300,0.0,0,15,2015,5
2015-05-18,74.46,74.72,74.0,74.36,4579900,0.0,0,18,2015,5
2015-05-19,74.55,75.69,74.55,75.47,6063500,0.0,0,19,2015,5
2015-05-20,75.51,75.55,74.93,75.1,3986700,0.0,0,20,2015,5
2015-05-21,74.71,75.29,74.59,74.91,4249700,0.0,0,21,2015,5
2015-05-22,74.98,75.67,74.87,75.36,3395800,0.0,0,22,2015,5
2015-05-26,75.24,75.56,74.15,74.38,5282700,0.0,0,26,2015,5
2015-05-27,74.62,74.79,74.06,74.31,5105100,0.0,0,27,2015,5
2015-05-28,74.18,74.44,74.09,74.29,4443000,0.0,0,28,2015,5
2015-05-29,74.24,74.3,73.82,73.95,7385100,0.0,0,29,2015,5
2015-06-01,74.15,74.36,73.23,73.71,4716900,0.0,0,01,2015,6
2015-06-02,73.52,74.46,73.44,74.2,4197300,0.0,0,02,2015,6
2015-06-03,74.5,75.38,74.32,74.76,4321400,0.0,0,03,2015,6
2015-06-04,74.25,74.52,73.46,73.61,5438100,0.0,0,04,2015,6
2015-06-05,73.96,74.09,73.49,73.64,4817000,0.0,0,05,2015,6
2015-06-08,73.68,74.06,73.09,73.1,5883600,0.0,0,08,2015,6
2015-06-09,73.17,73.64,73.15,73.43,4506300,0.0,0,09,2015,6
2015-06-10,73.46,74.66,73.46,74.38,5865400,0.0,0,10,2015,6
2015-06-11,74.52,74.92,74.2,74.48,4013400,0.0,0,11,2015,6
2015-06-12,74.6,74.62,73.38,73.77,6253500,0.0,0,12,2015,6
2015-06-15,73.28,73.62,73.11,73.51,4929300,0.0,0,15,2015,6
2015-06-16,73.31,74.02,73.28,73.61,6992700,0.0,0,16,2015,6
2015-06-17,73.87,75.0,73.7,74.5,6945600,0.0,0,17,2015,6
2015-06-18,74.43,75.04,74.03,74.92,4632300,0.0,0,18,2015,6
2015-06-19,74.69,74.78,74.01,74.38,13054800,0.0,0,19,2015,6
2015-06-22,74.84,75.79,74.82,75.36,5548600,0.0,0,22,2015,6
2015-06-23,75.54,75.99,75.4,75.47,5356300,0.0,0,23,2015,6
2015-06-24,75.08,75.47,74.89,74.89,5637600,0.0,0,24,2015,6
2015-06-25,75.12,75.13,74.09,74.09,6591100,0.0,0,25,2015,6
2015-06-26,74.36,74.62,74.05,74.09,15746700,0.0,0,26,2015,6
2015-06-29,73.48,73.6,72.11,72.16,8553300,0.0,0,29,2015,6
2015-06-30,72.78,73.0,72.29,72.36,7793000,0.29,0,30,2015,6
2015-07-01,73.22,73.47,72.77,72.99,5319900,0.0,0,01,2015,7
2015-07-02,73.26,73.67,72.79,72.82,4577700,0.0,0,02,2015,7
2015-07-06,72.2,72.48,72.01,72.24,5724800,0.0,0,06,2015,7
2015-07-07,72.21,72.43,71.14,72.2,7183000,0.0,0,07,2015,7
2015-07-08,71.59,71.88,70.53,70.69,5544800,0.0,0,08,2015,7
2015-07-09,71.34,72.11,71.03,71.07,3934000,0.0,0,09,2015,7
2015-07-10,71.98,72.15,71.61,71.98,3036000,0.0,0,10,2015,7
2015-07-13,72.59,73.19,72.41,73.11,3677500,0.0,0,13,2015,7
2015-07-14,73.18,73.68,72.82,73.52,3904900,0.0,0,14,2015,7
2015-07-15,73.56,73.89,72.92,73.12,3947000,0.0,0,15,2015,7
2015-07-16,73.55,73.7,73.24,73.48,4095800,0.0,0,16,2015,7
2015-07-17,73.31,73.78,73.23,73.76,3084400,0.0,0,17,2015,7
2015-07-20,73.74,74.14,73.72,73.83,3553000,0.0,0,20,2015,7
2015-07-21,73.74,73.93,73.04,73.5,3974600,0.0,0,21,2015,7
2015-07-22,73.37,73.73,73.18,73.54,4392700,0.0,0,22,2015,7
2015-07-23,72.34,72.57,70.88,71.7,12256800,0.0,0,23,2015,7
2015-07-24,71.36,71.83,70.46,70.67,8639900,0.0,0,24,2015,7
2015-07-27,70.24,70.39,69.18,69.75,9861400,0.0,0,27,2015,7
2015-07-28,69.94,70.36,69.24,69.93,5516600,0.0,0,28,2015,7
2015-07-29,69.93,70.77,69.75,70.48,4594200,0.0,0,29,2015,7
2015-07-30,70.56,70.95,70.42,70.87,4767100,0.0,0,30,2015,7
2015-07-31,71.12,71.38,70.75,70.81,6344800,0.0,0,31,2015,7
2015-08-03,70.63,70.91,70.23,70.74,5159500,0.0,0,03,2015,8
2015-08-04,70.54,70.91,70.41,70.5,4137600,0.0,0,04,2015,8
2015-08-05,71.08,71.21,70.38,70.38,5562000,0.0,0,05,2015,8
2015-08-06,70.43,70.56,69.56,69.83,4522100,0.0,0,06,2015,8
2015-08-07,69.83,74.69,69.21,74.22,23689600,0.0,0,07,2015,8
2015-08-10,74.19,75.78,74.02,75.66,12609000,0.0,0,10,2015,8
2015-08-11,74.88,76.02,74.72,75.73,8509800,0.0,0,11,2015,8
2015-08-12,75.15,75.5,74.3,75.41,6945600,0.0,0,12,2015,8
2015-08-13,75.41,75.41,74.84,75.19,4866900,0.0,0,13,2015,8
2015-08-14,74.96,75.72,74.87,75.33,5387100,0.0,0,14,2015,8
2015-08-17,74.85,75.57,74.72,75.41,4574700,0.0,0,17,2015,8
2015-08-18,75.46,75.8,75.13,75.64,4458300,0.0,0,18,2015,8
2015-08-19,75.34,76.03,74.86,75.37,5314600,0.0,0,19,2015,8
2015-08-20,74.58,74.91,73.3,73.33,7240600,0.0,0,20,2015,8
2015-08-21,72.73,73.19,71.72,71.72,8483300,0.0,0,21,2015,8
2015-08-24,68.3,70.83,66.76,69.5,12873200,0.0,0,24,2015,8
2015-08-25,71.01,71.27,68.23,68.45,7779000,0.0,0,25,2015,8
2015-08-26,70.19,70.67,68.86,70.41,6505800,0.0,0,26,2015,8
2015-08-27,70.65,71.86,70.31,71.58,7025000,0.0,0,27,2015,8
2015-08-28,71.06,71.51,70.69,71.36,4919000,0.0,0,28,2015,8
2015-08-31,71.0,71.93,70.73,71.43,4559700,0.0,0,31,2015,8
2015-09-01,69.69,70.16,68.52,68.9,6101100,0.0,0,01,2015,9
2015-09-02,69.73,70.02,68.87,69.77,5914400,0.0,0,02,2015,9
2015-09-03,70.18,70.99,69.87,70.07,4783000,0.0,0,03,2015,9
2015-09-04,69.16,69.38,68.5,68.97,5095200,0.0,0,04,2015,9
2015-09-08,70.37,70.51,69.75,70.28,6046300,0.0,0,08,2015,9
2015-09-09,70.83,71.23,69.81,69.94,4959800,0.0,0,09,2015,9
2015-09-10,69.97,70.63,69.81,70.12,4764600,0.0,0,10,2015,9
2015-09-11,69.9,70.32,69.63,70.29,3843600,0.0,0,11,2015,9
2015-09-14,69.98,70.29,69.62,69.96,4452100,0.0,0,14,2015,9
2015-09-15,70.26,71.46,70.04,71.22,5473700,0.0,0,15,2015,9
2015-09-16,71.19,72.16,71.12,71.99,4193100,0.0,0,16,2015,9
2015-09-17,72.12,72.99,71.48,71.75,4181800,0.0,0,17,2015,9
2015-09-18,70.8,71.5,70.5,70.71,12402900,0.0,0,18,2015,9
2015-09-21,71.15,71.99,71.06,71.45,3266300,0.0,0,21,2015,9
2015-09-22,70.4,70.54,69.83,70.49,5047200,0.0,0,22,2015,9
2015-09-23,70.3,70.72,69.95,70.41,3183300,0.0,0,23,2015,9
2015-09-24,69.82,69.86,68.76,69.54,6108900,0.0,0,24,2015,9
2015-09-25,70.19,70.45,69.57,69.92,4478000,0.0,0,25,2015,9
2015-09-28,69.32,69.55,68.21,68.28,5894700,0.0,0,28,2015,9
2015-09-29,68.24,68.44,67.65,68.06,5283000,0.0,0,29,2015,9
2015-09-30,68.79,69.07,68.24,69.02,4912200,0.0,0,30,2015,9
2015-10-01,69.05,69.45,68.16,68.79,4741100,0.0,0,01,2015,10
2015-10-02,67.69,69.28,67.5,69.28,5072400,0.0,0,02,2015,10
2015-10-05,69.87,72.19,69.86,71.97,6480600,0.0,0,05,2015,10
2015-10-06,71.91,72.19,71.43,71.61,3887100,0.0,0,06,2015,10
2015-10-07,71.78,72.76,71.66,72.13,3431800,0.29,0,07,2015,10
2015-10-08,71.95,72.2,71.13,72.13,3298900,0.0,0,08,2015,10
2015-10-09,72.38,72.73,71.8,72.27,2651800,0.0,0,09,2015,10
2015-10-12,72.11,72.26,71.9,72.25,1895100,0.0,0,12,2015,10
2015-10-13,71.82,72.17,71.55,71.59,3247400,0.0,0,13,2015,10
2015-10-14,71.41,71.76,70.97,71.19,3098600,0.0,0,14,2015,10
2015-10-15,71.96,72.14,71.09,71.72,3615800,0.0,0,15,2015,10
2015-10-16,72.04,72.43,71.61,72.16,5613700,0.0,0,16,2015,10
2015-10-19,71.91,72.25,71.71,71.96,4054900,0.0,0,19,2015,10
2015-10-20,72.01,72.1,71.66,71.91,3470800,0.0,0,20,2015,10
2015-10-21,72.23,72.53,71.35,71.5,5833500,0.0,0,21,2015,10
2015-10-22,68.28,68.48,66.72,67.76,23652600,0.0,0,22,2015,10
2015-10-23,68.05,69.93,67.87,69.71,9341300,0.0,0,23,2015,10
2015-10-26,68.5,69.47,68.34,69.33,5227700,0.0,0,26,2015,10
2015-10-27,68.96,69.35,68.9,69.17,4099000,0.0,0,27,2015,10
2015-10-28,69.48,69.58,68.98,69.58,7841100,0.0,0,28,2015,10
2015-10-29,69.3,70.06,69.19,69.36,5250200,0.0,0,29,2015,10
2015-10-30,69.23,69.42,68.28,68.47,6310100,0.0,0,30,2015,10
2015-11-02,68.62,69.22,68.47,69.1,4940600,0.0,0,02,2015,11
2015-11-03,69.3,69.41,69.04,69.19,5047900,0.0,0,03,2015,11
2015-11-04,69.45,69.95,69.1,69.22,12872700,0.0,0,04,2015,11
2015-11-05,69.3,69.47,68.76,69.09,4983700,0.0,0,05,2015,11
2015-11-06,69.68,69.9,69.26,69.44,7440800,0.0,0,06,2015,11
2015-11-09,69.23,69.4,68.44,68.62,5622600,0.0,0,09,2015,11
2015-11-10,68.33,68.76,68.32,68.57,4961900,0.0,0,10,2015,11
2015-11-11,68.65,68.78,68.0,68.14,4719500,0.0,0,11,2015,11
2015-11-12,67.96,68.03,67.12,67.27,6112500,0.0,0,12,2015,11
2015-11-13,67.0,67.48,66.45,66.54,4486700,0.0,0,13,2015,11
2015-11-16,66.19,66.97,65.62,66.97,5244600,0.0,0,16,2015,11
2015-11-17,67.21,67.32,66.32,66.46,5867700,0.0,0,17,2015,11
2015-11-18,66.47,67.45,66.47,67.43,5817000,0.0,0,18,2015,11
2015-11-19,67.38,68.11,67.35,67.98,4851300,0.0,0,19,2015,11
2015-11-20,68.11,68.55,67.38,67.68,4429600,0.0,0,20,2015,11
2015-11-23,67.72,67.98,67.45,67.51,3251400,0.0,0,23,2015,11
2015-11-24,67.17,67.25,66.35,66.94,4873100,0.0,0,24,2015,11
2015-11-25,67.01,67.1,66.59,67.0,4391300,0.0,0,25,2015,11
2015-11-27,67.1,67.29,66.76,67.15,1547500,0.0,0,27,2015,11
2015-11-30,67.15,67.35,66.75,66.95,5377200,0.0,0,30,2015,11
2015-12-01,67.29,67.7,66.89,67.47,4193500,0.0,0,01,2015,12
2015-12-02,67.42,67.7,66.41,66.54,4146000,0.0,0,02,2015,12
2015-12-03,66.74,67.01,65.53,65.81,6807800,0.0,0,03,2015,12
2015-12-04,65.89,66.64,65.76,66.45,4993400,0.0,0,04,2015,12
2015-12-07,66.19,66.44,65.58,65.99,5926400,0.0,0,07,2015,12
2015-12-08,65.46,65.56,64.77,65.33,7669100,0.0,0,08,2015,12
2015-12-09,64.9,66.17,64.81,65.29,6910700,0.0,0,09,2015,12
2015-12-10,65.18,66.03,65.05,65.52,4783000,0.0,0,10,2015,12
2015-12-11,64.52,65.26,64.0,64.35,9094300,0.0,0,11,2015,12
2015-12-14,64.47,64.88,63.36,64.33,6393000,0.0,0,14,2015,12
2015-12-15,65.19,66.02,65.04,65.56,6247200,0.0,0,15,2015,12
2015-12-16,66.08,66.32,65.23,66.08,5581800,0.0,0,16,2015,12
2015-12-17,66.16,66.32,64.87,65.02,4800000,0.0,0,17,2015,12
2015-12-18,64.61,64.61,63.15,63.43,17898900,0.0,0,18,2015,12
2015-12-21,63.69,64.27,63.54,63.92,4733400,0.0,0,21,2015,12
2015-12-22,64.24,64.61,63.75,64.34,3796800,0.0,0,22,2015,12
2015-12-23,64.53,65.41,64.43,65.39,5278000,0.0,0,23,2015,12
2015-12-24,65.18,65.9,65.18,65.57,1956400,0.0,0,24,2015,12
2015-12-28,65.42,65.51,64.82,65.19,2860700,0.0,0,28,2015,12
2015-12-29,65.68,65.99,65.53,65.93,3838800,0.0,0,29,2015,12
2015-12-30,65.9,66.12,65.49,65.57,2792700,0.0,0,30,2015,12
2015-12-31,65.43,65.72,64.98,65.0,3531300,0.0,0,31,2015,12
2016-01-04,63.63,63.72,62.4,63.17,9248300,0.0,0,04,2016,1
2016-01-05,62.96,63.28,61.37,62.19,10809200,0.0,0,05,2016,1
2016-01-06,61.24,61.53,60.3,60.47,9752200,0.29,0,06,2016,1
2016-01-07,59.43,60.31,59.21,59.92,11323900,0.0,0,07,2016,1
2016-01-08,60.24,60.46,59.67,59.73,10003600,0.0,0,08,2016,1
2016-01-11,59.83,60.27,59.23,60.12,8157100,0.0,0,11,2016,1
2016-01-12,60.82,60.92,59.7,60.45,7560000,0.0,0,12,2016,1
2016-01-13,59.74,60.42,58.41,58.99,11291200,0.0,0,13,2016,1
2016-01-14,58.99,59.84,58.54,59.41,6664000,0.0,0,14,2016,1
2016-01-15,58.22,59.18,57.73,59.05,8643800,0.0,0,15,2016,1
2016-01-19,59.52,59.88,58.42,58.8,7652100,0.0,0,19,2016,1
2016-01-20,57.76,59.64,57.53,59.16,9043800,0.0,0,20,2016,1
2016-01-21,59.13,60.37,58.67,58.8,8992300,0.0,0,21,2016,1
2016-01-22,54.81,55.28,50.82,51.68,43783400,0.0,0,22,2016,1
2016-01-25,51.12,52.35,50.82,51.64,18498300,0.0,0,25,2016,1
2016-01-26,51.81,52.32,51.59,51.71,12844800,0.0,0,26,2016,1
2016-01-27,51.97,52.4,51.08,51.17,11044100,0.0,0,27,2016,1
2016-01-28,51.33,51.4,48.95,49.64,18015000,0.0,0,28,2016,1
2016-01-29,49.92,50.41,49.8,50.22,13981100,0.0,0,29,2016,1
2016-02-01,50.13,51.62,49.75,51.34,9861900,0.0,0,01,2016,2
2016-02-02,51.0,51.05,50.21,50.37,11698400,0.0,0,02,2016,2
2016-02-03,50.69,50.96,49.59,50.79,9729800,0.0,0,03,2016,2
2016-02-04,50.76,51.12,50.51,51.04,6904000,0.0,0,04,2016,2
2016-02-05,51.36,51.48,50.51,50.67,9159600,0.0,0,05,2016,2
2016-02-08,49.97,50.17,49.03,49.19,11830600,0.0,0,08,2016,2
2016-02-09,49.05,49.77,48.73,49.4,8588900,0.0,0,09,2016,2
2016-02-10,49.75,50.15,49.07,49.08,7081900,0.0,0,10,2016,2
2016-02-11,48.08,48.42,47.19,47.97,9214500,0.0,0,11,2016,2
2016-02-12,48.7,49.49,48.47,49.43,6107700,0.0,0,12,2016,2
2016-02-16,49.76,50.2,49.49,49.92,7163800,0.0,0,16,2016,2
2016-02-17,50.22,50.69,50.03,50.32,8638900,0.0,0,17,2016,2
2016-02-18,50.22,51.02,50.17,50.83,8502900,0.0,0,18,2016,2
2016-02-19,50.92,51.65,50.72,51.35,6557000,0.0,0,19,2016,2
2016-02-22,51.35,52.22,51.35,52.22,6537800,0.0,0,22,2016,2
2016-02-23,52.11,52.19,51.59,51.73,5884100,0.0,0,23,2016,2
2016-02-24,51.11,51.5,50.27,51.29,5596400,0.0,0,24,2016,2
2016-02-25,51.42,51.99,50.97,51.99,4385900,0.0,0,25,2016,2
2016-02-26,52.29,52.47,51.77,51.98,5886800,0.0,0,26,2016,2
2016-02-29,51.91,52.7,51.45,52.17,10380500,0.0,0,29,2016,2
2016-03-01,52.59,53.35,52.21,53.32,9160800,0.0,0,01,2016,3
2016-03-02,53.39,53.72,53.1,53.62,7266200,0.0,0,02,2016,3
2016-03-03,53.65,54.61,53.65,54.53,6848000,0.0,0,03,2016,3
2016-03-04,54.85,55.05,54.26,54.71,5410000,0.0,0,04,2016,3
2016-03-07,54.44,55.83,54.09,55.38,9373500,0.0,0,07,2016,3
2016-03-08,55.23,56.32,55.11,55.78,10556900,0.0,0,08,2016,3
2016-03-09,56.07,56.12,54.93,55.43,6469000,0.0,0,09,2016,3
2016-03-10,55.65,55.81,54.49,55.15,6484100,0.0,0,10,2016,3
2016-03-11,55.88,56.23,55.4,55.81,7837300,0.0,0,11,2016,3
2016-03-14,55.86,56.26,55.39,55.92,4253400,0.0,0,14,2016,3
2016-03-15,55.72,55.76,55.03,55.6,3881900,0.0,0,15,2016,3
2016-03-16,55.3,56.22,55.12,56.04,4882600,0.0,0,16,2016,3
2016-03-17,55.9,56.79,55.68,56.39,4609800,0.0,0,17,2016,3
2016-03-18,56.61,57.68,56.35,57.46,8341300,0.0,0,18,2016,3
2016-03-21,57.25,57.61,57.12,57.45,3665600,0.0,0,21,2016,3
2016-03-22,57.04,57.16,56.23,56.89,4783200,0.0,0,22,2016,3
2016-03-23,56.98,57.17,56.58,56.91,3605100,0.0,0,23,2016,3
2016-03-24,56.53,56.81,55.94,56.76,3549900,0.0,0,24,2016,3
2016-03-28,57.04,57.06,56.19,56.58,3261900,0.0,0,28,2016,3
2016-03-29,56.42,56.93,55.81,56.88,4210300,0.0,0,29,2016,3
2016-03-30,57.24,57.26,56.5,56.59,5103200,0.0,0,30,2016,3
2016-03-31,56.8,57.75,56.58,57.63,6310200,0.0,0,31,2016,3
2016-04-01,57.24,57.88,56.84,57.35,4167500,0.0,0,01,2016,4
2016-04-04,57.27,57.31,56.75,56.9,3367300,0.0,0,04,2016,4
2016-04-05,56.45,56.73,56.02,56.5,4640000,0.0,0,05,2016,4
2016-04-06,56.44,56.64,56.04,56.48,4112100,0.29,0,06,2016,4
2016-04-07,56.07,56.14,55.37,55.52,4051300,0.0,0,07,2016,4
2016-04-08,55.65,56.84,55.64,56.12,4602800,0.0,0,08,2016,4
2016-04-11,56.28,56.67,55.91,56.4,4033400,0.0,0,11,2016,4
2016-04-12,56.59,57.26,56.4,57.23,4360300,0.0,0,12,2016,4
2016-04-13,57.43,58.88,57.38,58.63,4689700,0.0,0,13,2016,4
2016-04-14,58.63,59.12,58.45,58.96,4017900,0.0,0,14,2016,4
2016-04-15,59.1,59.27,58.39,58.61,4395700,0.0,0,15,2016,4
2016-04-18,58.3,59.07,58.22,59.03,3140100,0.0,0,18,2016,4
2016-04-19,59.19,60.0,59.18,59.96,4798400,0.0,0,19,2016,4
2016-04-20,60.48,61.62,60.29,61.33,8498700,0.0,0,20,2016,4
2016-04-21,63.19,63.51,61.68,61.88,9466700,0.0,0,21,2016,4
2016-04-22,61.35,62.46,61.35,62.18,5946300,0.0,0,22,2016,4
2016-04-25,61.91,62.11,61.44,61.97,4201700,0.0,0,25,2016,4
2016-04-26,62.23,62.66,61.9,62.44,3979600,0.0,0,26,2016,4
2016-04-27,62.62,62.88,62.09,62.47,4539700,0.0,0,27,2016,4
2016-04-28,62.0,62.71,61.84,62.1,3797800,0.0,0,28,2016,4
2016-04-29,61.84,62.05,61.17,61.71,5051200,0.0,0,29,2016,4
2016-05-02,61.85,62.3,61.48,61.95,4330000,0.0,0,02,2016,5
2016-05-03,61.34,61.35,60.68,61.17,4745400,0.0,0,03,2016,5
2016-05-04,60.49,61.07,60.2,60.61,4998000,0.0,0,04,2016,5
2016-05-05,60.8,61.04,60.17,60.29,4037200,0.0,0,05,2016,5
2016-05-06,60.14,61.03,59.85,60.85,3667700,0.0,0,06,2016,5
2016-05-09,60.58,60.91,60.15,60.35,4261100,0.0,0,09,2016,5
2016-05-10,60.68,61.43,60.35,61.16,4042300,0.0,0,10,2016,5
2016-05-11,60.95,61.61,60.75,60.92,4959500,0.0,0,11,2016,5
2016-05-12,61.37,61.65,60.43,60.68,3607800,0.0,0,12,2016,5
2016-05-13,60.69,61.29,60.41,60.48,4524000,0.0,0,13,2016,5
2016-05-16,60.38,60.65,60.05,60.43,4879500,0.0,0,16,2016,5
2016-05-17,60.23,60.46,59.03,59.19,7977600,0.0,0,17,2016,5
2016-05-18,58.98,60.0,58.98,59.91,5316800,0.0,0,18,2016,5
2016-05-19,59.48,59.92,58.78,59.18,4587000,0.0,0,19,2016,5
2016-05-20,59.57,60.5,59.37,60.29,5278200,0.0,0,20,2016,5
2016-05-23,60.23,60.46,59.95,59.98,3074100,0.0,0,23,2016,5
2016-05-24,60.17,61.4,60.17,61.18,3946100,0.0,0,24,2016,5
2016-05-25,61.35,62.02,61.32,61.6,5755900,0.0,0,25,2016,5
2016-05-26,61.58,61.66,61.26,61.52,3593500,0.0,0,26,2016,5
2016-05-27,61.68,61.97,61.62,61.8,3957100,0.0,0,27,2016,5
2016-05-31,61.97,62.18,61.68,62.02,5256000,0.0,0,31,2016,5
2016-06-01,62.02,62.21,61.48,62.17,3816000,0.0,0,01,2016,6
2016-06-02,62.12,62.64,61.87,62.64,3052200,0.0,0,02,2016,6
2016-06-03,61.81,62.08,61.09,61.77,4352000,0.0,0,03,2016,6
2016-06-06,61.83,62.44,61.78,62.19,3915200,0.0,0,06,2016,6
2016-06-07,62.39,62.82,62.14,62.15,3779500,0.0,0,07,2016,6
2016-06-08,62.19,62.8,62.19,62.5,2601100,0.0,0,08,2016,6
2016-06-09,61.99,62.04,61.21,61.98,3883800,0.0,0,09,2016,6
2016-06-10,61.55,61.76,61.03,61.28,3939100,0.0,0,10,2016,6
2016-06-13,61.12,61.2,60.02,60.05,5883400,0.0,0,13,2016,6
2016-06-14,59.98,60.04,56.95,57.6,12323200,0.0,0,14,2016,6
2016-06-15,57.98,58.63,57.4,57.93,5979900,0.0,0,15,2016,6
2016-06-16,57.48,58.58,57.21,58.41,5543600,0.0,0,16,2016,6
2016-06-17,58.41,58.88,58.12,58.35,6521500,0.0,0,17,2016,6
2016-06-20,59.09,59.81,58.69,58.76,4289100,0.0,0,20,2016,6
2016-06-21,58.76,58.93,58.24,58.75,3360600,0.0,0,21,2016,6
2016-06-22,58.75,59.08,58.36,58.43,3462800,0.0,0,22,2016,6
2016-06-23,59.27,59.68,58.92,59.66,3624600,0.0,0,23,2016,6
2016-06-24,57.04,58.19,56.59,56.65,10798700,0.0,0,24,2016,6
2016-06-27,55.97,55.97,54.07,54.39,7567600,0.0,0,27,2016,6
2016-06-28,54.94,55.28,53.9,54.61,8294300,0.0,0,28,2016,6
2016-06-29,54.93,56.59,54.85,56.53,6281100,0.29,0,29,2016,6
2016-06-30,56.75,57.6,55.76,57.6,8535400,0.0,0,30,2016,6
2016-07-01,57.6,58.32,57.42,57.53,4166500,0.0,0,01,2016,7
2016-07-05,57.08,57.25,55.89,56.07,4911800,0.0,0,05,2016,7
2016-07-06,55.69,56.62,55.22,56.38,5484400,0.0,0,06,2016,7
2016-07-07,56.38,57.19,56.29,56.7,5077400,0.0,0,07,2016,7
2016-07-08,57.52,58.39,57.4,58.29,5768400,0.0,0,08,2016,7
2016-07-11,58.72,59.21,58.64,58.92,3414400,0.0,0,11,2016,7
2016-07-12,59.37,60.03,59.37,59.72,4531900,0.0,0,12,2016,7
2016-07-13,59.7,60.05,59.38,59.81,3887600,0.0,0,13,2016,7
2016-07-14,60.35,60.67,60.11,60.3,4417200,0.0,0,14,2016,7
2016-07-15,60.62,60.77,60.01,60.46,3675600,0.0,0,15,2016,7
2016-07-18,60.63,60.78,60.23,60.66,3260000,0.0,0,18,2016,7
2016-07-19,60.37,60.83,60.19,60.82,3840500,0.0,0,19,2016,7
2016-07-20,60.94,61.43,60.19,61.12,8315800,0.0,0,20,2016,7
2016-07-21,60.48,61.03,59.61,60.13,9498600,0.0,0,21,2016,7
2016-07-22,60.1,60.99,60.07,60.93,4063400,0.0,0,22,2016,7
2016-07-25,60.86,61.07,60.71,60.98,3060300,0.0,0,25,2016,7
2016-07-26,61.08,61.19,60.65,61.02,2745900,0.0,0,26,2016,7
2016-07-27,60.92,61.56,60.87,61.23,3168500,0.0,0,27,2016,7
2016-07-28,61.01,61.59,60.72,61.42,3044000,0.0,0,28,2016,7
2016-07-29,61.33,61.37,60.83,61.1,3732700,0.0,0,29,2016,7
2016-08-01,61.13,61.37,60.63,60.79,2913900,0.0,0,01,2016,8
2016-08-02,60.63,60.88,59.91,60.17,2531000,0.0,0,02,2016,8
2016-08-03,60.19,60.69,60.17,60.51,3034500,0.0,0,03,2016,8
2016-08-04,60.55,60.69,60.2,60.61,3680000,0.0,0,04,2016,8
2016-08-05,61.18,62.29,61.0,62.11,4863800,0.0,0,05,2016,8
2016-08-08,62.4,62.8,62.19,62.4,3253700,0.0,0,08,2016,8
2016-08-09,62.4,62.57,61.78,61.99,3701600,0.0,0,09,2016,8
2016-08-10,62.02,62.09,61.22,61.37,2883000,0.0,0,10,2016,8
2016-08-11,61.62,62.24,61.51,62.07,2450100,0.0,0,11,2016,8
2016-08-12,61.77,62.1,61.63,61.98,2103800,0.0,0,12,2016,8
2016-08-15,61.87,62.39,61.87,62.21,3136700,0.0,0,15,2016,8
2016-08-16,62.19,62.25,61.88,61.9,2805600,0.0,0,16,2016,8
2016-08-17,62.0,62.42,61.7,62.26,3054500,0.0,0,17,2016,8
2016-08-18,62.11,62.36,61.87,62.21,2807500,0.0,0,18,2016,8
2016-08-19,62.06,62.26,61.68,62.12,2783200,0.0,0,19,2016,8
2016-08-22,62.12,62.13,61.58,61.96,3230700,0.0,0,22,2016,8
2016-08-23,62.31,62.83,62.26,62.26,3551700,0.0,0,23,2016,8
2016-08-24,62.42,62.68,61.66,61.77,4128200,0.0,0,24,2016,8
2016-08-25,61.62,61.76,61.39,61.62,4243800,0.0,0,25,2016,8
2016-08-26,61.87,62.08,61.16,61.42,3623600,0.0,0,26,2016,8
2016-08-29,61.62,62.35,61.43,62.11,4173800,0.0,0,29,2016,8
2016-08-30,62.35,62.54,61.71,62.04,3775800,0.0,0,30,2016,8
2016-08-31,62.06,62.3,61.48,62.17,4783600,0.0,0,31,2016,8
2016-09-01,62.14,62.22,61.07,61.48,3657700,0.0,0,01,2016,9
2016-09-02,61.67,62.25,61.48,61.8,3131700,0.0,0,02,2016,9
2016-09-06,61.77,62.35,61.66,62.34,3956400,0.0,0,06,2016,9
2016-09-07,62.08,62.75,61.91,62.74,3200700,0.0,0,07,2016,9
2016-09-08,62.71,63.24,62.61,62.79,4078900,0.0,0,08,2016,9
2016-09-09,62.32,62.58,61.73,61.73,5144900,0.0,0,09,2016,9
2016-09-12,61.35,62.65,60.8,62.47,4923200,0.0,0,12,2016,9
2016-09-13,61.82,61.92,60.71,61.01,5620300,0.0,0,13,2016,9
2016-09-14,61.01,61.01,60.04,60.18,5403300,0.0,0,14,2016,9
2016-09-15,60.1,60.83,59.97,60.51,4634300,0.0,0,15,2016,9
2016-09-16,60.07,60.62,59.87,60.35,10475800,0.0,0,16,2016,9
2016-09-19,60.63,61.22,60.36,60.72,3388600,0.0,0,19,2016,9
2016-09-20,61.16,61.27,60.38,60.4,2927600,0.0,0,20,2016,9
2016-09-21,60.66,61.14,60.4,60.93,3849300,0.0,0,21,2016,9
2016-09-22,61.0,61.69,60.98,61.27,3213700,0.0,0,22,2016,9
2016-09-23,61.15,61.45,60.47,60.53,5083900,0.0,0,23,2016,9
2016-09-26,60.14,60.79,59.58,60.12,6946600,0.0,0,26,2016,9
2016-09-27,60.6,61.07,60.27,60.93,3916300,0.0,0,27,2016,9
2016-09-28,60.92,61.14,60.41,60.88,3580100,0.0,0,28,2016,9
2016-09-29,60.87,61.44,59.68,60.07,4132500,0.0,0,29,2016,9
2016-09-30,60.46,61.02,60.32,60.71,4307000,0.0,0,30,2016,9
2016-10-03,60.51,60.72,60.23,60.49,2770000,0.0,0,03,2016,10
2016-10-04,60.52,61.03,60.39,60.58,3709400,0.0,0,04,2016,10
2016-10-05,60.75,61.48,60.68,61.32,3345000,0.32,0,05,2016,10
2016-10-06,60.55,60.67,58.84,59.01,7975900,0.0,0,06,2016,10
2016-10-07,59.17,59.33,58.57,58.84,4217400,0.0,0,07,2016,10
2016-10-10,59.21,59.53,58.94,58.97,2522900,0.0,0,10,2016,10
2016-10-11,58.62,58.78,57.69,57.98,3926500,0.0,0,11,2016,10
2016-10-12,57.94,58.16,57.72,57.82,3293800,0.0,0,12,2016,10
2016-10-13,57.38,57.7,56.69,57.55,4220500,0.0,0,13,2016,10
2016-10-14,58.12,58.31,57.26,57.31,4963800,0.0,0,14,2016,10
2016-10-17,57.42,57.56,56.95,57.07,3903900,0.0,0,17,2016,10
2016-10-18,57.66,57.71,57.05,57.24,3416600,0.0,0,18,2016,10
2016-10-19,57.56,58.76,57.42,58.35,7888500,0.0,0,19,2016,10
2016-10-20,62.25,64.57,61.69,63.62,25870700,0.0,0,20,2016,10
2016-10-21,63.31,64.39,63.26,64.17,8561200,0.0,0,21,2016,10
2016-10-24,64.49,64.72,63.9,63.92,5174000,0.0,0,24,2016,10
2016-10-25,63.76,64.19,63.46,63.58,3882300,0.0,0,25,2016,10
2016-10-26,63.36,63.9,63.01,63.64,3621800,0.0,0,26,2016,10
2016-10-27,63.83,64.04,63.29,63.76,4751300,0.0,0,27,2016,10
2016-10-28,63.97,64.04,63.16,63.31,4994500,0.0,0,28,2016,10
2016-10-31,63.65,63.67,63.17,63.28,3233400,0.0,0,31,2016,10
2016-11-01,63.61,63.65,62.62,63.12,3761600,0.0,0,01,2016,11
2016-11-02,62.65,62.91,62.06,62.35,3659000,0.0,0,02,2016,11
2016-11-03,62.43,62.65,61.96,62.24,3796500,0.0,0,03,2016,11
2016-11-04,62.4,62.95,61.95,62.41,3429900,0.0,0,04,2016,11
2016-11-07,63.69,64.15,63.5,63.83,4012100,0.0,0,07,2016,11
2016-11-08,63.63,64.08,63.17,63.9,3956000,0.0,0,08,2016,11
2016-11-09,63.98,65.74,63.89,65.49,9319100,0.0,0,09,2016,11
2016-11-10,65.97,67.07,65.78,66.79,9418700,0.0,0,10,2016,11
2016-11-11,66.66,67.25,66.36,67.17,4656100,0.0,0,11,2016,11
2016-11-14,67.45,69.24,67.29,69.0,8084100,0.0,0,14,2016,11
2016-11-15,68.72,69.05,67.87,69.04,4431200,0.0,0,15,2016,11
2016-11-16,68.55,68.98,67.91,68.29,4663700,0.0,0,16,2016,11
2016-11-17,67.99,68.59,67.95,68.39,3797400,0.0,0,17,2016,11
2016-11-18,68.15,68.21,67.42,67.64,5430600,0.0,0,18,2016,11
2016-11-21,67.94,68.28,67.6,68.16,3368200,0.0,0,21,2016,11
2016-11-22,68.42,68.48,67.52,68.33,4086200,0.0,0,22,2016,11
2016-11-23,68.54,69.47,68.13,69.43,4661400,0.0,0,23,2016,11
2016-11-25,69.52,69.72,69.03,69.41,1900400,0.0,0,25,2016,11
2016-11-28,69.1,69.33,68.57,68.72,4467700,0.0,0,28,2016,11
2016-11-29,68.79,68.84,68.01,68.11,3814800,0.0,0,29,2016,11
2016-11-30,68.59,68.91,68.39,68.63,4812500,0.0,0,30,2016,11
2016-12-01,69.02,69.33,68.39,69.1,4298200,0.0,0,01,2016,12
2016-12-02,69.09,69.22,68.05,68.46,2959100,0.0,0,02,2016,12
2016-12-05,68.91,69.2,68.59,68.62,3929100,0.0,0,05,2016,12
2016-12-06,69.04,69.3,68.67,68.89,3843900,0.0,0,06,2016,12
2016-12-07,69.04,71.19,68.81,70.78,5801500,0.0,0,07,2016,12
2016-12-08,71.26,71.64,70.49,71.37,3415800,0.0,0,08,2016,12
2016-12-09,71.3,71.37,70.78,71.23,2566900,0.0,0,09,2016,12
2016-12-12,71.17,71.17,69.69,70.1,3654900,0.0,0,12,2016,12
2016-12-13,70.19,70.72,69.65,70.35,2892900,0.0,0,13,2016,12
2016-12-14,70.05,72.15,69.78,70.57,5415800,0.0,0,14,2016,12
2016-12-15,71.01,72.16,70.82,71.4,4061600,0.0,0,15,2016,12
2016-12-16,71.73,71.82,71.05,71.45,8200600,0.0,0,16,2016,12
2016-12-19,71.15,71.58,70.63,71.02,3076600,0.0,0,19,2016,12
2016-12-20,71.45,71.93,71.01,71.51,3244900,0.0,0,20,2016,12
2016-12-21,71.56,72.0,71.16,71.76,3244500,0.0,0,21,2016,12
2016-12-22,71.45,71.81,70.98,71.05,2865200,0.0,0,22,2016,12
2016-12-23,71.21,71.68,71.21,71.42,1957500,0.0,0,23,2016,12
2016-12-27,71.55,71.56,71.25,71.43,2049400,0.0,0,27,2016,12
2016-12-28,71.48,71.82,70.64,70.85,2517300,0.0,0,28,2016,12
2016-12-29,70.76,71.15,70.02,70.42,2573700,0.0,0,29,2016,12
2016-12-30,70.46,70.82,70.35,70.58,3378800,0.0,0,30,2016,12
2017-01-03,71.35,72.17,71.21,71.79,5853900,0.0,0,03,2017,1
2017-01-04,72.01,73.24,71.82,72.96,4635800,0.32,0,04,2017,1
2017-01-05,72.71,72.89,71.59,72.06,3383000,0.0,0,05,2017,1
2017-01-06,72.14,72.64,71.82,72.21,3089600,0.0,0,06,2017,1
2017-01-09,72.85,73.19,72.26,72.58,4818700,0.0,0,09,2017,1
2017-01-10,73.21,74.63,72.83,73.34,9561400,0.0,0,10,2017,1
2017-01-11,73.36,74.09,72.81,73.59,4500200,0.0,0,11,2017,1
2017-01-12,73.51,73.62,72.56,73.56,4056700,0.0,0,12,2017,1
2017-01-13,73.6,74.27,73.11,73.31,3454300,0.0,0,13,2017,1
2017-01-17,74.05,74.34,73.16,73.29,6450300,0.0,0,17,2017,1
2017-01-18,73.78,74.25,73.2,74.14,5988400,0.0,0,18,2017,1
2017-01-19,74.25,74.42,73.3,73.37,8111400,0.0,0,19,2017,1
2017-01-20,72.71,73.59,72.13,72.91,8465900,0.0,0,20,2017,1
2017-01-23,72.64,73.17,72.46,72.69,4444300,0.0,0,23,2017,1
2017-01-24,73.03,74.3,72.8,74.08,4024300,0.0,0,24,2017,1
2017-01-25,74.63,74.65,73.1,73.57,5278300,0.0,0,25,2017,1
2017-01-26,73.62,74.11,73.32,73.6,3344900,0.0,0,26,2017,1
2017-01-27,73.67,73.96,73.23,73.53,3530900,0.0,0,27,2017,1
2017-01-30,73.51,73.98,73.23,73.94,5344500,0.0,0,30,2017,1
2017-01-31,73.54,73.91,72.69,73.08,5568100,0.0,0,31,2017,1
2017-02-01,73.53,74.09,73.27,73.44,3916800,0.0,0,01,2017,2
2017-02-02,72.93,73.57,72.77,73.2,3655500,0.0,0,02,2017,2
2017-02-03,73.81,75.03,73.59,74.67,5235800,0.0,0,03,2017,2
2017-02-06,74.36,75.02,74.13,74.46,3229500,0.0,0,06,2017,2
2017-02-07,74.69,74.99,74.17,74.36,2060200,0.0,0,07,2017,2
2017-02-08,74.19,74.57,73.75,74.44,2223100,0.0,0,08,2017,2
2017-02-09,74.44,74.98,74.31,74.8,3031800,0.0,0,09,2017,2
2017-02-10,75.11,75.29,74.85,75.09,2191200,0.0,0,10,2017,2
2017-02-13,75.41,75.76,75.09,75.5,3317100,0.0,0,13,2017,2
2017-02-14,75.58,76.02,75.27,75.98,3511200,0.0,0,14,2017,2
2017-02-15,76.34,76.64,75.27,76.16,5704100,0.0,0,15,2017,2
2017-02-16,76.03,76.16,75.51,76.07,4295000,0.0,0,16,2017,2
2017-02-17,75.8,76.33,75.49,76.26,2690300,0.0,0,17,2017,2
2017-02-21,76.47,76.97,76.2,76.51,3505500,0.0,0,21,2017,2
2017-02-22,76.38,76.51,75.96,76.41,2943000,0.0,0,22,2017,2
2017-02-23,76.42,76.97,76.32,76.59,3339500,0.0,0,23,2017,2
2017-02-24,76.31,76.44,75.83,76.31,3932300,0.0,0,24,2017,2
2017-02-27,76.3,76.84,76.15,76.7,2619400,0.0,0,27,2017,2
2017-02-28,76.66,77.01,76.32,76.6,4415300,0.0,0,28,2017,2
2017-03-01,77.55,78.46,77.52,78.38,4746400,0.0,0,01,2017,3
2017-03-02,78.13,78.13,76.6,76.64,4409800,0.0,0,02,2017,3
2017-03-03,76.64,77.17,76.37,76.43,4579600,0.0,0,03,2017,3
2017-03-06,76.06,76.24,75.67,76.06,3670300,0.0,0,06,2017,3
2017-03-07,76.32,76.56,75.9,76.14,4433500,0.0,0,07,2017,3
2017-03-08,76.54,76.9,75.56,75.62,4326800,0.0,0,08,2017,3
2017-03-09,75.77,76.25,75.4,75.87,4573500,0.0,0,09,2017,3
2017-03-10,75.95,76.03,75.47,75.95,3762800,0.0,0,10,2017,3
2017-03-13,75.95,76.1,75.64,75.79,3664300,0.0,0,13,2017,3
2017-03-14,75.55,76.35,75.42,76.25,3321400,0.0,0,14,2017,3
2017-03-15,76.4,76.44,75.58,75.8,4337200,0.0,0,15,2017,3
2017-03-16,76.03,76.64,75.96,76.32,3474800,0.0,0,16,2017,3
2017-03-17,76.47,76.5,75.57,75.82,6672600,0.0,0,17,2017,3
2017-03-20,75.73,76.16,75.42,75.44,3099500,0.0,0,20,2017,3
2017-03-21,75.52,75.71,73.98,74.18,6804000,0.0,0,21,2017,3
2017-03-22,74.08,74.8,73.73,74.31,4877300,0.0,0,22,2017,3
2017-03-23,74.22,75.01,74.16,74.48,4082900,0.0,0,23,2017,3
2017-03-24,74.73,75.43,74.5,74.82,4726800,0.0,0,24,2017,3
2017-03-27,73.87,74.46,73.36,74.25,3835300,0.0,0,27,2017,3
2017-03-28,74.16,75.45,74.04,75.24,4235900,0.0,0,28,2017,3
2017-03-29,75.06,75.91,74.76,74.87,2913600,0.0,0,29,2017,3
2017-03-30,74.82,75.87,74.71,75.79,2924100,0.0,0,30,2017,3
2017-03-31,75.52,76.0,75.39,75.69,5228400,0.0,0,31,2017,3
2017-04-03,75.75,75.76,74.6,75.19,3022700,0.0,0,03,2017,4
2017-04-04,75.1,75.21,74.77,74.88,2563700,0.0,0,04,2017,4
2017-04-05,75.5,75.92,74.61,74.7,2858400,0.32,0,05,2017,4
2017-04-06,74.7,75.22,74.12,74.86,2914800,0.0,0,06,2017,4
2017-04-07,74.43,75.17,74.33,74.71,2203000,0.0,0,07,2017,4
2017-04-10,74.86,75.04,74.32,74.44,2217100,0.0,0,10,2017,4
2017-04-11,74.48,74.52,73.68,74.22,4642300,0.0,0,11,2017,4
2017-04-12,74.35,74.43,73.57,73.67,3055800,0.0,0,12,2017,4
2017-04-13,73.33,73.79,72.72,72.82,3666600,0.0,0,13,2017,4
2017-04-17,72.85,73.7,72.66,73.66,4160800,0.0,0,17,2017,4
2017-04-18,73.45,73.48,72.56,72.81,3845900,0.0,0,18,2017,4
2017-04-19,73.2,73.29,72.54,72.58,5283600,0.0,0,19,2017,4
2017-04-20,74.45,77.12,74.42,76.88,11099300,0.0,0,20,2017,4
2017-04-21,76.74,77.31,76.37,76.46,5837800,0.0,0,21,2017,4
2017-04-24,77.47,77.74,77.09,77.29,3563200,0.0,0,24,2017,4
2017-04-25,77.87,78.2,77.46,77.46,5061300,0.0,0,25,2017,4
2017-04-26,77.45,77.74,77.0,77.36,3661600,0.0,0,26,2017,4
2017-04-27,77.6,77.69,76.93,77.17,2922700,0.0,0,27,2017,4
2017-04-28,76.8,77.02,75.94,76.14,5313200,0.0,0,28,2017,4
2017-05-01,76.11,76.37,75.78,76.12,3458100,0.0,0,01,2017,5
2017-05-02,76.04,76.53,76.04,76.41,3334900,0.0,0,02,2017,5
2017-05-03,76.12,76.39,75.6,75.73,3800600,0.0,0,03,2017,5
2017-05-04,76.12,76.3,74.92,75.25,3902200,0.0,0,04,2017,5
2017-05-05,75.52,75.64,74.82,75.24,2936700,0.0,0,05,2017,5
2017-05-08,75.41,75.65,74.89,75.09,2608600,0.0,0,08,2017,5
2017-05-09,75.09,75.65,75.02,75.36,2570600,0.0,0,09,2017,5
2017-05-10,75.2,75.57,75.07,75.56,2396900,0.0,0,10,2017,5
2017-05-11,75.13,75.37,74.21,74.86,3780600,0.0,0,11,2017,5
2017-05-12,74.65,74.75,74.19,74.44,2865800,0.0,0,12,2017,5
2017-05-15,74.43,75.53,74.43,75.25,3327000,0.0,0,15,2017,5
2017-05-16,75.51,75.55,74.78,75.06,2457500,0.0,0,16,2017,5
2017-05-17,75.06,75.06,73.24,73.37,4441600,0.0,0,17,2017,5
2017-05-18,73.27,73.83,72.98,73.38,3545700,0.0,0,18,2017,5
2017-05-19,73.54,74.31,73.3,73.78,3283900,0.0,0,19,2017,5
2017-05-22,73.93,74.09,73.49,73.95,2800000,0.0,0,22,2017,5
2017-05-23,73.99,74.38,73.8,74.17,2239600,0.0,0,23,2017,5
2017-05-24,74.42,74.42,73.91,74.09,2091300,0.0,0,24,2017,5
2017-05-25,74.44,74.86,74.22,74.4,3185200,0.0,0,25,2017,5
2017-05-26,74.14,74.55,73.99,74.42,1858800,0.0,0,26,2017,5
2017-05-30,74.2,74.38,73.96,74.06,2073000,0.0,0,30,2017,5
2017-05-31,74.06,74.08,72.99,73.92,3117100,0.0,0,31,2017,5
2017-06-01,74.19,75.3,73.93,75.2,3553400,0.0,0,01,2017,6
2017-06-02,74.71,75.65,74.71,75.41,3534800,0.0,0,02,2017,6
2017-06-05,75.66,76.09,75.52,75.87,2738600,0.0,0,05,2017,6
2017-06-06,75.38,75.83,75.21,75.75,2878000,0.0,0,06,2017,6
2017-06-07,75.81,76.94,75.69,76.67,4284000,0.0,0,07,2017,6
2017-06-08,76.67,77.05,76.54,76.81,4079800,0.0,0,08,2017,6
2017-06-09,77.23,77.56,76.6,77.15,3849400,0.0,0,09,2017,6
2017-06-12,77.19,77.56,76.92,77.02,3352300,0.0,0,12,2017,6
2017-06-13,77.05,77.57,76.92,77.42,3174400,0.0,0,13,2017,6
2017-06-14,76.96,77.74,76.49,77.66,4013100,0.0,0,14,2017,6
2017-06-15,77.22,78.05,77.08,77.53,2773400,0.0,0,15,2017,6
2017-06-16,77.68,78.28,77.6,78.25,5914700,0.0,0,16,2017,6
2017-06-19,78.35,78.72,78.1,78.66,3076500,0.0,0,19,2017,6
2017-06-20,78.76,79.56,78.59,79.27,3929100,0.0,0,20,2017,6
2017-06-21,79.35,79.55,78.77,78.98,2683400,0.0,0,21,2017,6
2017-06-22,78.88,79.38,78.83,79.02,2312100,0.0,0,22,2017,6
2017-06-23,79.15,79.45,78.83,78.99,3785300,0.0,0,23,2017,6
2017-06-26,79.26,80.02,79.2,79.7,2491600,0.0,0,26,2017,6
2017-06-27,79.8,80.24,79.75,79.81,2994500,0.0,0,27,2017,6
2017-06-28,80.23,80.96,80.12,80.67,3668500,0.0,0,28,2017,6
2017-06-29,81.58,82.03,79.89,80.34,5092600,0.0,0,29,2017,6
2017-06-30,80.79,81.31,80.3,80.93,3320800,0.0,0,30,2017,6
2017-07-03,81.36,82.37,81.36,81.76,2306900,0.0,0,03,2017,7
2017-07-05,82.18,82.82,81.78,81.86,3501200,0.32,0,05,2017,7
2017-07-06,81.65,81.81,80.73,80.75,3213400,0.0,0,06,2017,7
2017-07-07,80.94,81.67,80.78,81.32,2454600,0.0,0,07,2017,7
2017-07-10,81.13,81.55,80.97,81.29,2147000,0.0,0,10,2017,7
2017-07-11,81.23,81.3,80.56,81.16,2733200,0.0,0,11,2017,7
2017-07-12,81.27,81.95,81.06,81.79,4629100,0.0,0,12,2017,7
2017-07-13,81.9,82.38,81.72,82.32,3309400,0.0,0,13,2017,7
2017-07-14,81.82,82.51,81.57,82.24,3354700,0.0,0,14,2017,7
2017-07-17,82.09,82.47,81.76,82.18,2190500,0.0,0,17,2017,7
2017-07-18,81.93,82.51,81.74,82.47,2816000,0.0,0,18,2017,7
2017-07-19,82.7,82.91,82.26,82.86,5539700,0.0,0,19,2017,7
2017-07-20,81.91,82.4,81.51,82.31,5386400,0.0,0,20,2017,7
2017-07-21,82.73,83.2,82.38,82.54,3570400,0.0,0,21,2017,7
2017-07-24,82.4,82.61,80.87,81.97,5389100,0.0,0,24,2017,7
2017-07-25,82.78,83.03,82.04,82.36,3255200,0.0,0,25,2017,7
2017-07-26,82.36,82.66,82.13,82.26,3038100,0.0,0,26,2017,7
2017-07-27,82.14,82.16,80.36,80.86,6119300,0.0,0,27,2017,7
2017-07-28,80.89,82.06,80.64,81.77,3321200,0.0,0,28,2017,7
2017-07-31,82.13,82.64,81.81,82.19,3079800,0.0,0,31,2017,7
2017-08-01,82.66,82.78,82.1,82.2,3148800,0.0,0,01,2017,8
2017-08-02,82.11,82.31,81.94,82.26,3252300,0.0,0,02,2017,8
2017-08-03,82.2,82.82,82.1,82.49,2381800,0.0,0,03,2017,8
2017-08-04,82.92,83.25,82.78,82.9,2840200,0.0,0,04,2017,8
2017-08-07,83.03,83.12,82.62,82.79,2089100,0.0,0,07,2017,8
2017-08-08,82.38,83.58,82.36,82.87,2922800,0.0,0,08,2017,8
2017-08-09,82.68,82.9,82.2,82.63,2961000,0.0,0,09,2017,8
2017-08-10,82.39,82.53,81.53,81.54,3755200,0.0,0,10,2017,8
2017-08-11,81.74,81.83,80.97,81.28,3078600,0.0,0,11,2017,8
2017-08-14,81.72,82.61,81.7,82.42,2893600,0.0,0,14,2017,8
2017-08-15,82.92,83.87,82.82,83.69,3774100,0.0,0,15,2017,8
2017-08-16,83.9,84.65,83.89,84.27,3379600,0.0,0,16,2017,8
2017-08-17,84.22,84.5,82.98,83.02,3870400,0.0,0,17,2017,8
2017-08-18,82.92,83.06,82.17,82.33,4271200,0.0,0,18,2017,8
2017-08-21,82.4,82.58,81.92,82.26,2505100,0.0,0,21,2017,8
2017-08-22,82.42,82.67,81.88,82.26,2155300,0.0,0,22,2017,8
2017-08-23,81.69,82.46,81.68,82.24,1960400,0.0,0,23,2017,8
2017-08-24,82.44,82.48,82.01,82.31,2057900,0.0,0,24,2017,8
2017-08-25,82.45,82.89,82.37,82.42,2302100,0.0,0,25,2017,8
2017-08-28,82.6,82.63,82.17,82.36,2105500,0.0,0,28,2017,8
2017-08-29,81.73,82.46,81.39,82.37,2779400,0.0,0,29,2017,8
2017-08-30,82.33,82.68,82.18,82.63,2131700,0.0,0,30,2017,8
2017-08-31,82.93,83.2,82.64,83.03,3792300,0.0,0,31,2017,8
2017-09-01,83.23,83.45,82.98,83.07,2262700,0.0,0,01,2017,9
2017-09-05,82.66,82.85,81.66,82.27,3089800,0.0,0,05,2017,9
2017-09-06,82.52,82.78,81.97,82.19,2823300,0.0,0,06,2017,9
2017-09-07,82.23,82.47,81.08,81.4,2905400,0.0,0,07,2017,9
2017-09-08,81.18,81.98,81.02,81.24,3462100,0.0,0,08,2017,9
2017-09-11,81.94,83.05,81.94,82.63,3397500,0.0,0,11,2017,9
2017-09-12,82.9,83.51,82.75,83.46,3333300,0.0,0,12,2017,9
2017-09-13,83.34,83.67,83.31,83.55,2396500,0.0,0,13,2017,9
2017-09-14,83.45,83.7,83.09,83.12,2764900,0.0,0,14,2017,9
2017-09-15,83.43,83.89,83.0,83.89,7791600,0.0,0,15,2017,9
2017-09-18,83.97,84.74,83.85,84.74,3395100,0.0,0,18,2017,9
2017-09-19,84.83,86.05,84.74,85.82,4043800,0.0,0,19,2017,9
2017-09-20,86.07,86.19,85.12,85.28,4251000,0.0,0,20,2017,9
2017-09-21,85.29,85.63,84.9,85.27,2877800,0.0,0,21,2017,9
2017-09-22,85.15,85.55,84.96,85.25,2770100,0.0,0,22,2017,9
2017-09-25,85.13,85.48,84.71,85.06,2863100,0.0,0,25,2017,9
2017-09-26,85.31,85.6,85.05,85.53,2197800,0.0,0,26,2017,9
2017-09-27,86.48,86.54,85.85,86.3,2888900,0.0,0,27,2017,9
2017-09-28,86.05,87.09,86.05,86.92,2458800,0.0,0,28,2017,9
2017-09-29,86.83,87.53,86.72,87.23,2996300,0.0,0,29,2017,9
2017-10-02,87.21,87.92,86.89,87.31,4466400,0.0,0,02,2017,10
2017-10-03,87.36,88.37,87.36,88.17,2912300,0.0,0,03,2017,10
2017-10-04,88.33,88.34,87.67,87.76,3091700,0.0,0,04,2017,10
2017-10-05,88.05,88.69,87.87,88.25,2991000,0.35,0,05,2017,10
2017-10-06,88.33,88.66,88.18,88.62,1891800,0.0,0,06,2017,10
2017-10-09,88.66,89.02,88.58,88.76,1653700,0.0,0,09,2017,10
2017-10-10,88.94,89.39,88.85,88.95,2247200,0.0,0,10,2017,10
2017-10-11,88.92,89.69,88.88,89.02,3051400,0.0,0,11,2017,10
2017-10-12,88.7,89.28,88.5,88.68,3279000,0.0,0,12,2017,10
2017-10-13,88.58,89.95,88.34,89.89,3224200,0.0,0,13,2017,10
2017-10-16,90.07,90.37,87.91,89.02,4294000,0.0,0,16,2017,10
2017-10-17,89.0,89.16,88.65,88.76,2939600,0.0,0,17,2017,10
2017-10-18,88.87,89.32,88.75,89.14,4720200,0.0,0,18,2017,10
2017-10-19,87.51,89.98,87.16,88.96,6512100,0.0,0,19,2017,10
2017-10-20,89.87,90.31,89.03,89.15,4442200,0.0,0,20,2017,10
2017-10-23,89.27,90.12,89.27,89.43,2963100,0.0,0,23,2017,10
2017-10-24,89.64,90.93,89.38,90.86,4481500,0.0,0,24,2017,10
2017-10-25,91.0,91.23,90.29,90.54,4266100,0.0,0,25,2017,10
2017-10-26,90.99,92.67,90.98,92.63,4136800,0.0,0,26,2017,10
2017-10-27,92.4,92.95,91.99,92.73,3212200,0.0,0,27,2017,10
2017-10-30,92.67,93.05,91.81,92.03,3096500,0.0,0,30,2017,10
2017-10-31,91.95,92.56,91.5,92.47,3146400,0.0,0,31,2017,10
2017-11-01,93.21,93.48,92.39,92.73,2320000,0.0,0,01,2017,11
2017-11-02,92.93,93.16,92.34,92.91,3013300,0.0,0,02,2017,11
2017-11-03,93.2,93.35,92.72,93.35,2089500,0.0,0,03,2017,11
2017-11-06,93.27,93.64,92.86,93.21,1848300,0.0,0,06,2017,11
2017-11-07,93.34,93.8,92.14,92.32,3200900,0.0,0,07,2017,11
2017-11-08,92.06,92.24,91.43,92.09,2163700,0.0,0,08,2017,11
2017-11-09,91.33,91.64,90.3,90.75,3949800,0.0,0,09,2017,11
2017-11-10,90.79,91.14,90.41,90.53,2714400,0.0,0,10,2017,11
2017-11-13,90.03,90.98,89.82,90.9,2708500,0.0,0,13,2017,11
2017-11-14,90.58,90.79,89.97,90.76,2843700,0.0,0,14,2017,11
2017-11-15,90.29,90.79,89.83,90.28,3236600,0.0,0,15,2017,11
2017-11-16,90.56,91.04,90.32,90.57,2586500,0.0,0,16,2017,11
2017-11-17,90.33,90.76,89.95,90.7,3261200,0.0,0,17,2017,11
2017-11-20,90.92,91.33,90.69,90.95,3456600,0.0,0,20,2017,11
2017-11-21,91.4,91.63,91.11,91.39,2917000,0.0,0,21,2017,11
2017-11-22,91.37,91.68,90.49,90.82,2159100,0.0,0,22,2017,11
2017-11-24,90.97,91.11,90.48,90.49,837300,0.0,0,24,2017,11
2017-11-27,90.58,91.0,90.38,90.48,2731300,0.0,0,27,2017,11
2017-11-28,90.76,92.24,90.59,92.24,3536400,0.0,0,28,2017,11
2017-11-29,92.89,94.21,92.55,93.51,4325500,0.0,0,29,2017,11
2017-11-30,93.92,95.34,93.72,94.59,5328300,0.0,0,30,2017,11
2017-12-01,94.95,95.08,92.79,94.73,3445200,0.0,0,01,2017,12
2017-12-04,95.47,96.0,94.85,95.44,4562400,0.0,0,04,2017,12
2017-12-05,96.03,96.56,95.43,95.56,3525600,0.0,0,05,2017,12
2017-12-06,95.49,95.66,95.03,95.07,3081300,0.0,0,06,2017,12
2017-12-07,94.64,95.95,94.37,95.43,3026100,0.0,0,07,2017,12
2017-12-08,95.84,95.84,95.0,95.4,3850300,0.0,0,08,2017,12
2017-12-11,95.45,95.88,95.1,95.84,2984100,0.0,0,11,2017,12
2017-12-12,95.72,96.48,95.69,96.19,3455500,0.0,0,12,2017,12
2017-12-13,95.95,96.14,94.64,94.66,3463900,0.0,0,13,2017,12
2017-12-14,95.17,95.5,94.05,94.05,3464600,0.0,0,14,2017,12
2017-12-15,94.66,95.68,94.33,95.37,7891800,0.0,0,15,2017,12
2017-12-18,96.02,97.32,95.83,96.5,3485400,0.0,0,18,2017,12
2017-12-19,97.01,97.18,95.95,95.98,3282600,0.0,0,19,2017,12
2017-12-20,96.52,96.75,95.31,95.36,3091000,0.0,0,20,2017,12
2017-12-21,95.89,96.02,95.23,95.35,2339500,0.0,0,21,2017,12
2017-12-22,95.32,95.88,95.07,95.59,1980300,0.0,0,22,2017,12
2017-12-26,95.64,95.76,94.99,95.42,1575200,0.0,0,26,2017,12
2017-12-27,95.74,96.08,95.42,95.96,2569900,0.0,0,27,2017,12
2017-12-28,96.46,96.72,96.19,96.51,1914900,0.0,0,28,2017,12
2017-12-29,96.8,97.05,96.09,96.14,2056800,0.0,0,29,2017,12
2018-01-02,96.54,96.54,95.08,95.78,2746700,0.0,0,02,2018,1
2018-01-03,96.07,96.57,95.86,96.37,2976400,0.0,0,03,2018,1
2018-01-04,97.18,98.75,97.06,97.97,3122000,0.35,0,04,2018,1
2018-01-05,97.97,98.2,97.41,98.2,2550300,0.0,0,05,2018,1
2018-01-08,98.12,98.31,97.26,97.29,1896500,0.0,0,08,2018,1
2018-01-09,97.5,97.92,97.41,97.65,2978500,0.0,0,09,2018,1
2018-01-10,97.53,98.69,97.47,98.33,2279200,0.0,0,10,2018,1
2018-01-11,98.55,98.55,97.34,97.86,2745400,0.0,0,11,2018,1
2018-01-12,97.98,98.15,97.08,98.09,3231500,0.0,0,12,2018,1
2018-01-16,99.1,99.47,97.29,97.48,3814000,0.0,0,16,2018,1
2018-01-17,98.11,98.12,96.41,97.88,4469700,0.0,0,17,2018,1
2018-01-18,97.96,97.96,96.74,97.01,5290700,0.0,0,18,2018,1
2018-01-19,94.24,96.12,93.6,95.23,12306000,0.0,0,19,2018,1
2018-01-22,94.48,95.53,94.08,95.51,4983600,0.0,0,22,2018,1
2018-01-23,95.36,95.59,94.66,95.18,4375200,0.0,0,23,2018,1
2018-01-24,95.45,96.67,95.36,96.47,4949500,0.0,0,24,2018,1
2018-01-25,96.59,97.25,96.37,96.85,3375200,0.0,0,25,2018,1
2018-01-26,97.0,97.1,96.13,96.79,3668700,0.0,0,26,2018,1
2018-01-29,96.9,97.32,96.4,96.57,3472100,0.0,0,29,2018,1
2018-01-30,96.61,97.24,95.87,95.89,3466500,0.0,0,30,2018,1
2018-01-31,95.92,96.86,95.69,96.56,3202900,0.0,0,31,2018,1
2018-02-01,96.13,97.19,95.59,97.15,2952100,0.0,0,01,2018,2
2018-02-02,96.69,96.85,93.88,93.92,4663300,0.0,0,02,2018,2
2018-02-05,93.1,93.96,86.08,89.38,6421900,0.0,0,05,2018,2
2018-02-06,87.19,91.53,85.98,91.49,7244000,0.0,0,06,2018,2
2018-02-07,90.86,92.14,90.74,90.94,3796800,0.0,0,07,2018,2
2018-02-08,91.07,91.29,85.76,85.82,5814900,0.0,0,08,2018,2
2018-02-09,86.92,89.88,85.04,89.1,8017600,0.0,0,09,2018,2
2018-02-12,89.94,92.95,89.78,92.0,7419200,0.0,0,12,2018,2
2018-02-13,91.35,92.1,90.17,91.86,3366700,0.0,0,13,2018,2
2018-02-14,91.29,93.8,91.0,93.48,3446800,0.0,0,14,2018,2
2018-02-15,94.29,94.44,92.72,93.8,3057400,0.0,0,15,2018,2
2018-02-16,93.62,94.71,93.5,94.03,3280700,0.0,0,16,2018,2
2018-02-20,93.82,94.92,93.75,94.42,3514700,0.0,0,20,2018,2
2018-02-21,94.15,95.68,93.99,94.72,4431500,0.0,0,21,2018,2
2018-02-22,94.81,95.27,94.28,94.57,4270100,0.0,0,22,2018,2
2018-02-23,94.99,96.02,94.77,95.98,2440600,0.0,0,23,2018,2
2018-02-26,96.59,98.78,96.15,98.74,4953100,0.0,0,26,2018,2
2018-02-27,98.76,99.21,96.74,96.74,5167300,0.0,0,27,2018,2
2018-02-28,97.19,97.5,94.65,94.73,4053700,0.0,0,28,2018,2
2018-03-01,95.03,95.49,91.83,92.43,4369800,0.0,0,01,2018,3
2018-03-02,91.93,93.02,90.54,92.87,3584700,0.0,0,02,2018,3
2018-03-05,92.38,94.51,92.0,93.9,2661400,0.0,0,05,2018,3
2018-03-06,94.22,94.22,92.43,93.33,3221100,0.0,0,06,2018,3
2018-03-07,92.49,93.0,91.59,92.91,3594900,0.0,0,07,2018,3
2018-03-08,93.31,93.92,92.38,93.83,3760500,0.0,0,08,2018,3
2018-03-09,94.8,96.28,94.29,96.22,3044300,0.0,0,09,2018,3
2018-03-12,96.26,96.85,94.7,94.88,4020900,0.0,0,12,2018,3
2018-03-13,95.32,95.43,92.37,92.65,4858700,0.0,0,13,2018,3
2018-03-14,93.22,93.43,91.41,91.83,3013800,0.0,0,14,2018,3
2018-03-15,92.35,92.69,91.28,91.7,3213000,0.0,0,15,2018,3
2018-03-16,91.85,93.64,91.58,92.88,5124900,0.0,0,16,2018,3
2018-03-19,92.72,92.76,91.12,92.13,2610400,0.0,0,19,2018,3
2018-03-20,92.63,92.92,92.02,92.24,2501600,0.0,0,20,2018,3
2018-03-21,91.92,93.52,91.71,92.04,2124000,0.0,0,21,2018,3
2018-03-22,91.07,91.28,88.52,88.8,4113900,0.0,0,22,2018,3
2018-03-23,89.2,89.72,87.83,87.87,5100400,0.0,0,23,2018,3
2018-03-26,88.76,90.34,88.21,89.98,2769800,0.0,0,26,2018,3
2018-03-27,90.16,91.06,88.28,88.81,4357300,0.0,0,27,2018,3
2018-03-28,89.14,90.87,88.99,89.58,5509700,0.0,0,28,2018,3
2018-03-29,89.75,91.68,89.66,90.62,4940600,0.0,0,29,2018,3
2018-04-02,90.48,90.88,87.39,88.4,4998400,0.0,0,02,2018,4
2018-04-03,88.94,90.28,88.58,90.09,2864500,0.0,0,03,2018,4
2018-04-04,88.61,91.24,88.48,90.91,4619200,0.0,0,04,2018,4
2018-04-05,91.86,92.68,91.47,91.86,2482300,0.35,0,05,2018,4
2018-04-06,90.92,91.48,88.55,89.62,2968900,0.0,0,06,2018,4
2018-04-09,90.39,91.89,89.67,89.85,3109700,0.0,0,09,2018,4
2018-04-10,91.09,91.36,90.23,90.69,4584000,0.0,0,10,2018,4
2018-04-11,89.65,90.5,89.09,89.32,4064900,0.0,0,11,2018,4
2018-04-12,90.22,91.6,89.77,91.03,3137300,0.0,0,12,2018,4
2018-04-13,91.79,91.95,90.24,90.71,2510300,0.0,0,13,2018,4
2018-04-16,91.45,91.86,90.79,91.27,2811500,0.0,0,16,2018,4
2018-04-17,91.62,92.25,91.26,91.52,2651700,0.0,0,17,2018,4
2018-04-18,91.7,92.87,91.66,92.78,4981400,0.0,0,18,2018,4
2018-04-19,96.89,100.4,96.58,99.82,11716900,0.0,0,19,2018,4
2018-04-20,99.66,100.11,97.87,98.28,5614700,0.0,0,20,2018,4
2018-04-23,98.27,98.64,97.42,98.11,3183300,0.0,0,23,2018,4
2018-04-24,98.67,99.18,97.1,97.94,5048900,0.0,0,24,2018,4
2018-04-25,97.51,97.8,95.46,96.32,5129200,0.0,0,25,2018,4
2018-04-26,96.39,98.01,96.11,97.74,3021100,0.0,0,26,2018,4
2018-04-27,97.5,97.79,96.47,97.13,2017000,0.0,0,27,2018,4
2018-04-30,97.51,97.87,96.27,96.29,2567000,0.0,0,30,2018,4
2018-05-01,96.36,96.36,94.87,96.13,2915200,0.0,0,01,2018,5
2018-05-02,95.62,96.9,95.12,95.2,3542000,0.0,0,02,2018,5
2018-05-03,94.75,94.9,93.13,94.72,3572300,0.0,0,03,2018,5
2018-05-04,93.95,96.49,93.65,95.9,2363200,0.0,0,04,2018,5
2018-05-07,96.08,96.53,95.84,96.13,2152100,0.0,0,07,2018,5
2018-05-08,96.32,97.87,95.94,97.26,3199100,0.0,0,08,2018,5
2018-05-09,97.73,98.46,97.01,98.0,2694300,0.0,0,09,2018,5
2018-05-10,98.2,99.33,97.73,98.86,2847600,0.0,0,10,2018,5
2018-05-11,98.96,100.12,98.75,98.9,2522100,0.0,0,11,2018,5
2018-05-14,99.16,99.61,98.59,98.77,2234800,0.0,0,14,2018,5
2018-05-15,98.31,98.71,97.48,98.23,3442300,0.0,0,15,2018,5
2018-05-16,97.78,98.72,97.74,98.09,2135200,0.0,0,16,2018,5
2018-05-17,98.14,99.11,97.8,98.7,2876100,0.0,0,17,2018,5
2018-05-18,98.42,98.81,97.96,98.48,2927600,0.0,0,18,2018,5
2018-05-21,99.04,99.83,98.83,99.5,2084000,0.0,0,21,2018,5
2018-05-22,99.77,100.67,99.54,100.14,2910700,0.0,0,22,2018,5
2018-05-23,99.29,99.71,98.4,99.39,2553900,0.0,0,23,2018,5
2018-05-24,99.16,99.76,98.21,99.47,2230000,0.0,0,24,2018,5
2018-05-25,98.83,99.11,97.97,98.58,1850800,0.0,0,25,2018,5
2018-05-29,97.36,97.36,94.57,95.29,4377800,0.0,0,29,2018,5
2018-05-30,96.39,96.95,95.52,96.53,3076800,0.0,0,30,2018,5
2018-05-31,96.22,96.89,95.37,95.85,2780300,0.0,0,31,2018,5
2018-06-01,96.87,97.13,95.78,95.8,2711200,0.0,0,01,2018,6
2018-06-04,96.35,97.03,96.18,96.97,2417400,0.0,0,04,2018,6
2018-06-05,96.65,96.94,95.98,96.84,1811500,0.0,0,05,2018,6
2018-06-06,97.51,98.49,97.09,98.46,2872700,0.0,0,06,2018,6
2018-06-07,98.92,99.84,98.38,98.95,4245700,0.0,0,07,2018,6
2018-06-08,98.77,98.78,97.11,98.49,3580500,0.0,0,08,2018,6
2018-06-11,98.66,99.14,98.28,98.68,3453000,0.0,0,11,2018,6
2018-06-12,98.97,98.97,97.75,98.22,2426100,0.0,0,12,2018,6
2018-06-13,98.36,98.37,97.47,97.53,3183800,0.0,0,13,2018,6
2018-06-14,98.02,98.58,97.03,97.28,3285500,0.0,0,14,2018,6
2018-06-15,96.75,96.8,94.89,96.07,6741200,0.0,0,15,2018,6
2018-06-18,95.41,96.1,94.89,96.02,3621300,0.0,0,18,2018,6
2018-06-19,94.72,95.49,94.22,94.72,3119600,0.0,0,19,2018,6
2018-06-20,95.27,95.45,93.96,94.02,4495300,0.0,0,20,2018,6
2018-06-21,93.77,94.55,93.38,94.22,3350700,0.0,0,21,2018,6
2018-06-22,94.93,95.52,94.65,94.81,7235400,0.0,0,22,2018,6
2018-06-25,94.63,97.61,93.27,96.09,7996700,0.0,0,25,2018,6
2018-06-26,97.02,97.35,95.63,95.77,5166100,0.0,0,26,2018,6
2018-06-27,95.98,96.94,94.52,94.55,3693700,0.0,0,27,2018,6
2018-06-28,94.6,95.02,94.17,94.56,3142300,0.0,0,28,2018,6
2018-06-29,95.69,97.0,95.22,95.56,4698500,0.0,0,29,2018,6
2018-07-02,94.98,96.57,94.74,96.54,3148700,0.0,0,02,2018,7
2018-07-03,96.84,96.84,95.29,95.4,2041200,0.0,0,03,2018,7
2018-07-05,96.25,96.52,95.54,96.42,2385500,0.35,0,05,2018,7
2018-07-06,96.35,96.91,96.1,96.41,1996600,0.0,0,06,2018,7
2018-07-09,97.14,97.87,96.96,97.77,4991700,0.0,0,09,2018,7
2018-07-10,97.77,98.32,97.44,97.77,4675500,0.0,0,10,2018,7
2018-07-11,97.53,98.64,97.53,98.15,3469600,0.0,0,11,2018,7
2018-07-12,98.87,99.16,98.45,98.99,3688800,0.0,0,12,2018,7
2018-07-13,98.92,98.99,97.49,98.35,3456500,0.0,0,13,2018,7
2018-07-16,98.45,98.72,97.93,98.54,3264800,0.0,0,16,2018,7
2018-07-17,98.62,99.29,98.5,98.99,3092200,0.0,0,17,2018,7
2018-07-18,99.38,100.87,99.25,100.78,5923800,0.0,0,18,2018,7
2018-07-19,98.06,99.2,97.16,98.03,7171100,0.0,0,19,2018,7
2018-07-20,97.99,99.13,97.84,98.01,3325500,0.0,0,20,2018,7
2018-07-23,98.01,99.23,97.87,99.06,2617900,0.0,0,23,2018,7
2018-07-24,99.29,99.91,99.01,99.53,3155100,0.0,0,24,2018,7
2018-07-25,99.06,100.58,98.92,100.43,2549400,0.0,0,25,2018,7
2018-07-26,100.64,100.94,100.17,100.31,2744000,0.0,0,26,2018,7
2018-07-27,100.67,102.01,100.47,101.63,3815800,0.0,0,27,2018,7
2018-07-30,100.53,100.9,98.2,98.69,4423000,0.0,0,30,2018,7
2018-07-31,98.89,99.04,97.31,97.39,4330400,0.0,0,31,2018,7
2018-08-01,97.76,98.77,97.05,97.32,3315400,0.0,0,01,2018,8
2018-08-02,96.78,97.79,96.56,97.6,2481800,0.0,0,02,2018,8
2018-08-03,97.82,98.74,97.57,98.63,1830400,0.0,0,03,2018,8
2018-08-06,98.61,99.15,98.25,98.76,2004600,0.0,0,06,2018,8
2018-08-07,99.32,100.55,99.2,99.79,1852800,0.0,0,07,2018,8
2018-08-08,99.82,100.75,99.63,100.58,2228900,0.0,0,08,2018,8
2018-08-09,100.25,101.11,100.09,100.79,2435500,0.0,0,09,2018,8
2018-08-10,99.91,100.01,99.01,99.41,2473800,0.0,0,10,2018,8
2018-08-13,99.31,100.11,99.23,99.63,3389200,0.0,0,13,2018,8
2018-08-14,99.75,100.41,99.65,99.99,2327100,0.0,0,14,2018,8
2018-08-15,99.4,99.75,98.68,99.34,2219600,0.0,0,15,2018,8
2018-08-16,99.72,100.93,99.69,100.45,2290400,0.0,0,16,2018,8
2018-08-17,100.43,101.1,99.88,100.83,1950800,0.0,0,17,2018,8
2018-08-20,100.82,101.75,100.73,101.61,2267900,0.0,0,20,2018,8
2018-08-21,101.7,103.0,101.54,102.57,3218400,0.0,0,21,2018,8
2018-08-22,102.66,103.99,102.27,103.57,2761300,0.0,0,22,2018,8
2018-08-23,103.28,103.75,102.91,103.12,1866800,0.0,0,23,2018,8
2018-08-24,103.64,104.07,103.19,103.5,1844000,0.0,0,24,2018,8
2018-08-27,104.51,105.03,104.01,104.76,1972000,0.0,0,27,2018,8
2018-08-28,104.77,105.13,104.4,104.99,2275000,0.0,0,28,2018,8
2018-08-29,104.75,105.01,103.63,104.43,1896200,0.0,0,29,2018,8
2018-08-30,104.32,104.39,103.7,103.96,1868300,0.0,0,30,2018,8
2018-08-31,103.26,104.12,103.05,103.71,2115500,0.0,0,31,2018,8
2018-09-04,104.08,104.98,103.32,104.72,2941800,0.0,0,04,2018,9
2018-09-05,104.71,104.96,102.64,103.42,5511800,0.0,0,05,2018,9
2018-09-06,103.24,103.61,102.31,103.15,3623900,0.0,0,06,2018,9
2018-09-07,103.38,104.08,103.1,103.81,2498400,0.0,0,07,2018,9
2018-09-10,104.28,105.49,104.28,105.0,3337000,0.0,0,10,2018,9
2018-09-11,104.43,106.15,104.19,105.99,2795800,0.0,0,11,2018,9
2018-09-12,105.99,106.37,105.36,105.57,4103100,0.0,0,12,2018,9
2018-09-13,105.89,106.85,105.62,106.34,3429600,0.0,0,13,2018,9
2018-09-14,106.51,107.66,106.51,107.22,2999800,0.0,0,14,2018,9
2018-09-17,107.85,107.88,106.61,106.86,2383100,0.0,0,17,2018,9
2018-09-18,107.1,107.52,106.64,107.29,2173200,0.0,0,18,2018,9
2018-09-19,107.65,108.1,107.38,107.75,2365700,0.0,0,19,2018,9
2018-09-20,108.48,109.38,108.28,108.73,2844800,0.0,0,20,2018,9
2018-09-21,108.91,109.12,108.39,108.53,5662900,0.0,0,21,2018,9
2018-09-24,108.37,108.47,107.01,107.5,1871600,0.0,0,24,2018,9
2018-09-25,107.88,107.88,107.04,107.52,1910600,0.0,0,25,2018,9
2018-09-26,107.73,107.75,105.49,105.7,2944200,0.0,0,26,2018,9
2018-09-27,105.7,106.03,105.04,105.54,2121700,0.0,0,27,2018,9
2018-09-28,104.98,105.56,104.01,104.21,3931500,0.0,0,28,2018,9
2018-10-01,105.5,106.66,105.31,105.59,3361300,0.0,0,01,2018,10
2018-10-02,105.7,106.15,105.01,106.07,2223100,0.0,0,02,2018,10
2018-10-03,106.91,107.06,105.93,106.13,2505100,0.0,0,03,2018,10
2018-10-04,106.32,106.91,104.9,105.82,2478700,0.39,0,04,2018,10
2018-10-05,106.13,106.53,104.81,105.32,2399800,0.0,0,05,2018,10
2018-10-08,104.73,105.32,103.68,105.08,2723400,0.0,0,08,2018,10
2018-10-09,104.4,105.02,104.05,104.76,2604400,0.0,0,09,2018,10
2018-10-10,105.05,105.1,101.67,101.72,4555600,0.0,0,10,2018,10
2018-10-11,101.38,102.48,99.74,99.77,6069300,0.0,0,11,2018,10
2018-10-12,102.45,103.05,99.89,101.16,4855900,0.0,0,12,2018,10
2018-10-15,101.01,101.71,100.38,100.79,2780900,0.0,0,15,2018,10
2018-10-16,101.23,102.6,100.86,102.41,3121000,0.0,0,16,2018,10
2018-10-17,102.47,103.41,102.06,102.48,3792400,0.0,0,17,2018,10
2018-10-18,102.66,102.89,100.46,101.0,4538200,0.0,0,18,2018,10
2018-10-19,102.2,105.63,102.2,104.82,5726300,0.0,0,19,2018,10
2018-10-22,104.71,105.05,102.58,102.64,5003100,0.0,0,22,2018,10
2018-10-23,100.58,102.65,100.02,102.52,4223800,0.0,0,23,2018,10
2018-10-24,102.57,103.08,99.7,100.02,4056700,0.0,0,24,2018,10
2018-10-25,100.65,102.31,99.98,101.75,3378900,0.0,0,25,2018,10
2018-10-26,100.71,100.83,98.35,99.44,5395700,0.0,0,26,2018,10
2018-10-29,100.64,101.41,98.25,99.38,4238700,0.0,0,29,2018,10
2018-10-30,99.79,100.56,98.62,100.26,3778200,0.0,0,30,2018,10
2018-10-31,101.22,101.86,100.72,100.9,4511300,0.0,0,31,2018,10
2018-11-01,101.42,102.41,101.18,102.18,2786800,0.0,0,01,2018,11
2018-11-02,103.06,103.17,101.05,101.86,4322200,0.0,0,02,2018,11
2018-11-05,102.18,103.52,101.95,103.33,2697700,0.0,0,05,2018,11
2018-11-06,103.11,103.77,102.51,103.11,2856000,0.0,0,06,2018,11
2018-11-07,103.84,105.56,103.03,105.39,3606900,0.0,0,07,2018,11
2018-11-08,105.12,106.69,105.12,106.56,2896700,0.0,0,08,2018,11
2018-11-09,106.44,107.38,105.43,106.35,4444000,0.0,0,09,2018,11
2018-11-12,106.23,106.5,104.4,104.59,3154600,0.0,0,12,2018,11
2018-11-13,104.75,106.27,104.57,105.93,3021800,0.0,0,13,2018,11
2018-11-14,106.67,107.38,104.98,105.85,4978100,0.0,0,14,2018,11
2018-11-15,104.78,107.74,104.44,107.64,3742600,0.0,0,15,2018,11
2018-11-16,106.64,108.41,106.64,107.51,3486200,0.0,0,16,2018,11
2018-11-19,107.94,108.06,105.5,106.32,3161200,0.0,0,19,2018,11
2018-11-20,105.63,105.97,103.58,104.2,3779000,0.0,0,20,2018,11
2018-11-21,104.47,105.75,104.23,104.6,2791000,0.0,0,21,2018,11
2018-11-23,103.99,104.55,103.43,103.85,938800,0.0,0,23,2018,11
2018-11-26,105.24,107.77,104.92,107.72,4488500,0.0,0,26,2018,11
2018-11-27,107.54,108.39,106.79,108.14,2837900,0.0,0,27,2018,11
2018-11-28,108.36,111.16,108.36,110.87,3995900,0.0,0,28,2018,11
2018-11-29,110.0,110.26,108.51,109.32,4249500,0.0,0,29,2018,11
2018-11-30,108.4,110.44,108.4,110.27,3949500,0.0,0,30,2018,11
2018-12-03,111.95,112.5,110.0,110.35,3399400,0.0,0,03,2018,12
2018-12-04,109.86,110.16,105.62,105.72,5238400,0.0,0,04,2018,12
2018-12-06,103.75,106.45,102.91,106.32,7455200,0.0,0,06,2018,12
2018-12-07,106.27,107.66,103.87,104.78,4419400,0.0,0,07,2018,12
2018-12-10,104.05,104.81,101.65,103.9,4110000,0.0,0,10,2018,12
2018-12-11,105.47,106.08,102.64,103.52,3132200,0.0,0,11,2018,12
2018-12-12,105.35,106.79,104.6,105.56,4183800,0.0,0,12,2018,12
2018-12-13,105.85,106.43,104.43,104.79,3542600,0.0,0,13,2018,12
2018-12-14,103.88,104.55,103.06,103.81,5245400,0.0,0,14,2018,12
2018-12-17,103.58,103.58,98.98,99.37,7345500,0.0,0,17,2018,12
2018-12-18,100.16,100.74,98.68,99.22,5220800,0.0,0,18,2018,12
2018-12-19,97.98,100.18,96.45,97.01,6195600,0.0,0,19,2018,12
2018-12-20,96.16,97.1,93.56,94.06,7110500,0.0,0,20,2018,12
2018-12-21,93.5,94.9,89.52,89.7,11005300,0.0,0,21,2018,12
2018-12-24,89.12,89.92,87.9,87.9,3190900,0.0,0,24,2018,12
2018-12-26,88.25,92.21,87.46,92.16,5383700,0.0,0,26,2018,12
2018-12-27,90.71,92.99,89.63,92.99,4226600,0.0,0,27,2018,12
2018-12-28,93.7,93.94,92.27,92.73,3225100,0.0,0,28,2018,12
2018-12-31,93.43,93.9,92.62,93.62,2821100,0.0,0,31,2018,12
2019-01-02,92.23,94.55,92.1,93.97,4175400,0.0,0,02,2019,1
2019-01-03,93.48,93.86,91.94,92.14,4776600,0.39,0,03,2019,1
2019-01-04,94.05,96.99,93.59,96.29,4637200,0.0,0,04,2019,1
2019-01-07,96.42,97.55,95.68,96.81,3289000,0.0,0,07,2019,1
2019-01-08,97.32,98.14,96.17,97.28,3227200,0.0,0,08,2019,1
2019-01-09,97.37,98.21,96.79,97.46,2954500,0.0,0,09,2019,1
2019-01-10,97.09,97.3,96.47,96.9,3523800,0.0,0,10,2019,1
2019-01-11,96.53,97.31,96.01,97.19,2770600,0.0,0,11,2019,1
2019-01-14,96.41,97.66,96.27,97.08,4120500,0.0,0,14,2019,1
2019-01-15,97.25,97.5,96.39,96.63,5795100,0.0,0,15,2019,1
2019-01-16,97.57,98.58,97.15,98.03,4701900,0.0,0,16,2019,1
2019-01-17,98.03,98.85,97.21,98.11,5693300,0.0,0,17,2019,1
2019-01-18,96.83,99.42,95.04,99.09,9872500,0.0,0,18,2019,1
2019-01-22,98.47,99.29,97.59,98.45,4699800,0.0,0,22,2019,1
2019-01-23,98.55,98.8,97.1,98.33,3585100,0.0,0,23,2019,1
2019-01-24,98.31,99.15,98.0,98.34,3415900,0.0,0,24,2019,1
2019-01-25,99.04,100.18,98.71,99.38,3488300,0.0,0,25,2019,1
2019-01-28,98.67,99.02,98.1,98.99,3185400,0.0,0,28,2019,1
2019-01-29,99.54,100.02,99.15,99.56,2827400,0.0,0,29,2019,1
2019-01-30,99.69,101.43,99.15,101.25,3501500,0.0,0,30,2019,1
2019-01-31,100.59,101.48,100.29,101.28,4302100,0.0,0,31,2019,1
2019-02-01,100.99,102.1,100.99,101.63,4727800,0.0,0,01,2019,2
2019-02-04,101.61,102.03,101.1,101.99,2578300,0.0,0,04,2019,2
2019-02-05,102.2,102.74,101.98,102.46,2231200,0.0,0,05,2019,2
2019-02-06,102.41,103.63,102.0,103.51,3595700,0.0,0,06,2019,2
2019-02-07,102.62,103.33,102.18,102.95,3857300,0.0,0,07,2019,2
2019-02-08,102.29,103.07,102.0,103.07,2581900,0.0,0,08,2019,2
2019-02-11,103.5,104.1,103.36,103.95,2653800,0.0,0,11,2019,2
2019-02-12,104.8,105.94,104.79,105.52,3238600,0.0,0,12,2019,2
2019-02-13,106.06,106.97,105.62,106.07,3182100,0.0,0,13,2019,2
2019-02-14,105.52,105.87,104.77,105.14,2385900,0.0,0,14,2019,2
2019-02-15,105.84,106.59,105.64,105.89,3882300,0.0,0,15,2019,2
2019-02-19,105.57,105.75,104.99,105.03,3692800,0.0,0,19,2019,2
2019-02-20,105.1,105.7,105.03,105.3,3840800,0.0,0,20,2019,2
2019-02-21,105.26,105.47,104.85,105.13,2566500,0.0,0,21,2019,2
2019-02-22,105.5,106.06,105.38,105.95,2256400,0.0,0,22,2019,2
2019-02-25,106.7,107.34,105.28,105.45,3333500,0.0,0,25,2019,2
2019-02-26,105.19,106.13,104.95,105.46,2548100,0.0,0,26,2019,2
2019-02-27,105.38,106.14,105.12,105.93,2393500,0.0,0,27,2019,2
2019-02-28,105.74,106.95,105.6,106.25,3295800,0.0,0,28,2019,2
2019-03-01,106.9,108.13,106.7,107.39,2682000,0.0,0,01,2019,3
2019-03-04,108.04,108.57,106.27,107.49,4053200,0.0,0,04,2019,3
2019-03-05,107.52,107.81,106.82,107.34,2685700,0.0,0,05,2019,3
2019-03-06,107.42,107.94,107.34,107.47,2616000,0.0,0,06,2019,3
2019-03-07,107.06,107.13,105.91,106.37,3048200,0.0,0,07,2019,3
2019-03-08,105.31,106.57,105.2,106.49,2077100,0.0,0,08,2019,3
2019-03-11,107.5,108.27,107.21,108.04,3289200,0.0,0,11,2019,3
2019-03-12,108.22,109.74,108.22,108.9,3917500,0.0,0,12,2019,3
2019-03-13,108.66,110.71,108.57,110.59,4234100,0.0,0,13,2019,3
2019-03-14,110.83,111.22,110.33,110.8,3538200,0.0,0,14,2019,3
2019-03-15,111.15,112.2,110.97,111.95,4780400,0.0,0,15,2019,3
2019-03-18,112.18,112.67,111.59,111.98,2918000,0.0,0,18,2019,3
2019-03-19,112.64,112.64,110.81,111.11,3331300,0.0,0,19,2019,3
2019-03-20,110.71,110.9,109.07,109.24,3309300,0.0,0,20,2019,3
2019-03-21,108.44,110.63,108.29,110.27,3111000,0.0,0,21,2019,3
2019-03-22,109.75,109.78,107.48,107.95,3737400,0.0,0,22,2019,3
2019-03-25,107.77,108.55,106.69,107.53,3596200,0.0,0,25,2019,3
2019-03-26,108.47,108.87,107.54,107.98,2844500,0.0,0,26,2019,3
2019-03-27,108.16,108.48,106.83,107.47,3346600,0.0,0,27,2019,3
2019-03-28,107.91,108.36,106.99,107.65,2693300,0.0,0,28,2019,3
2019-03-29,108.68,108.86,107.63,107.79,4891000,0.0,0,29,2019,3
2019-04-01,108.76,110.49,108.56,110.15,5125100,0.0,0,01,2019,4
2019-04-02,109.67,109.92,108.84,109.46,3568900,0.0,0,02,2019,4
2019-04-03,110.27,110.45,108.82,109.03,3719700,0.0,0,03,2019,4
2019-04-04,109.19,109.35,108.37,108.98,3619600,0.39,0,04,2019,4
2019-04-05,109.34,110.06,109.3,109.81,4553700,0.0,0,05,2019,4
2019-04-08,109.48,109.7,108.78,109.55,4776600,0.0,0,08,2019,4
2019-04-09,108.87,109.17,108.36,108.71,2869300,0.0,0,09,2019,4
2019-04-10,109.34,109.34,108.39,109.02,2650100,0.0,0,10,2019,4
2019-04-11,109.37,109.68,108.29,108.71,2320600,0.0,0,11,2019,4
2019-04-12,109.67,110.4,109.31,109.76,2316900,0.0,0,12,2019,4
2019-04-15,109.77,109.82,109.11,109.39,2285000,0.0,0,15,2019,4
2019-04-16,109.94,110.87,109.79,110.72,2523400,0.0,0,16,2019,4
2019-04-17,111.15,111.34,110.1,110.6,3799900,0.0,0,17,2019,4
2019-04-18,111.09,112.96,110.17,112.49,6186800,0.0,0,18,2019,4
2019-04-22,111.44,112.23,111.07,111.17,3174400,0.0,0,22,2019,4
2019-04-23,111.03,112.86,110.74,112.79,3342800,0.0,0,23,2019,4
2019-04-24,112.58,113.18,112.25,112.84,2318400,0.0,0,24,2019,4
2019-04-25,114.04,115.29,113.56,114.68,4595200,0.0,0,25,2019,4
2019-04-26,115.38,116.51,114.9,116.38,2990600,0.0,0,26,2019,4
2019-04-29,116.03,116.48,115.34,115.55,3096200,0.0,0,29,2019,4
2019-04-30,115.84,116.14,114.9,116.02,2387900,0.0,0,30,2019,4
2019-05-01,116.25,116.77,115.72,115.81,2450500,0.0,0,01,2019,5
2019-05-02,115.79,116.43,115.47,116.04,2538700,0.0,0,02,2019,5
2019-05-03,116.69,118.42,116.41,118.12,2856200,0.0,0,03,2019,5
2019-05-06,116.05,118.37,115.84,118.11,2924500,0.0,0,06,2019,5
2019-05-07,117.15,118.17,116.43,117.0,6282300,0.0,0,07,2019,5
2019-05-08,116.61,116.89,115.61,116.27,4037500,0.0,0,08,2019,5
2019-05-09,114.95,116.08,114.19,116.05,3219600,0.0,0,09,2019,5
2019-05-10,115.65,117.7,115.01,117.23,2435100,0.0,0,10,2019,5
2019-05-13,115.22,115.68,114.42,114.7,3710600,0.0,0,13,2019,5
2019-05-14,114.78,116.51,114.57,115.8,2460700,0.0,0,14,2019,5
2019-05-15,114.98,117.01,114.7,116.44,2711400,0.0,0,15,2019,5
2019-05-16,116.55,119.1,116.55,118.6,4143500,0.0,0,16,2019,5
2019-05-17,117.37,118.35,117.28,117.84,5273600,0.0,0,17,2019,5
2019-05-20,117.6,119.08,117.39,118.6,2765600,0.0,0,20,2019,5
2019-05-21,119.22,119.43,118.11,119.3,3369100,0.0,0,21,2019,5
2019-05-22,119.11,119.63,118.2,118.77,2941100,0.0,0,22,2019,5
2019-05-23,118.04,118.16,116.63,117.2,3290200,0.0,0,23,2019,5
2019-05-24,117.98,118.39,117.11,118.27,2240100,0.0,0,24,2019,5
2019-05-28,118.13,118.88,116.95,116.95,2550300,0.0,0,28,2019,5
2019-05-29,116.49,116.59,114.84,115.8,2553900,0.0,0,29,2019,5
2019-05-30,116.0,116.1,114.91,115.53,1882400,0.0,0,30,2019,5
2019-05-31,114.57,114.78,113.37,113.52,2969100,0.0,0,31,2019,5
2019-06-03,113.37,114.73,112.71,113.43,2968500,0.0,0,03,2019,6
2019-06-04,114.51,115.79,114.04,115.64,3043200,0.0,0,04,2019,6
2019-06-05,115.97,117.02,115.8,116.9,2568100,0.0,0,05,2019,6
2019-06-06,117.19,118.4,116.93,118.19,2209300,0.0,0,06,2019,6
2019-06-07,118.63,120.1,118.32,119.86,2481800,0.0,0,07,2019,6
2019-06-10,120.34,122.17,120.15,121.39,3453700,0.0,0,10,2019,6
2019-06-11,122.27,123.45,121.81,121.96,3303800,0.0,0,11,2019,6
2019-06-12,121.65,121.92,120.33,120.77,2685700,0.0,0,12,2019,6
2019-06-13,120.83,121.43,120.16,120.6,2343900,0.0,0,13,2019,6
2019-06-14,120.75,121.34,119.69,120.74,2483800,0.0,0,14,2019,6
2019-06-17,120.98,120.98,120.05,120.19,2094200,0.0,0,17,2019,6
2019-06-18,121.54,123.76,120.95,122.15,2729200,0.0,0,18,2019,6
2019-06-19,122.95,123.63,122.4,123.39,2951700,0.0,0,19,2019,6
2019-06-20,124.39,125.09,123.18,123.63,3303200,0.0,0,20,2019,6
2019-06-21,123.9,125.0,123.27,123.44,5703800,0.0,0,21,2019,6
2019-06-24,123.69,124.12,122.73,122.86,2680900,0.0,0,24,2019,6
2019-06-25,122.98,123.28,121.77,121.89,2387800,0.0,0,25,2019,6
2019-06-26,121.91,122.72,121.76,122.31,1902500,0.0,0,26,2019,6
2019-06-27,122.41,123.12,122.28,122.66,1504300,0.0,0,27,2019,6
2019-06-28,123.0,123.26,121.93,122.16,4338900,0.0,0,28,2019,6
2019-07-01,124.0,125.09,123.26,123.63,4023500,0.0,0,01,2019,7
2019-07-02,123.49,124.03,123.31,123.81,4076100,0.0,0,02,2019,7
2019-07-03,124.3,125.14,124.03,124.95,3714300,0.39,0,03,2019,7
2019-07-05,125.22,125.28,123.41,124.49,3731500,0.0,0,05,2019,7
2019-07-08,124.08,124.32,123.74,123.94,3332000,0.0,0,08,2019,7
2019-07-09,123.37,125.13,123.28,124.99,2237100,0.0,0,09,2019,7
2019-07-10,125.78,127.49,125.78,125.97,2733800,0.0,0,10,2019,7
2019-07-11,126.06,126.76,125.52,126.36,2928100,0.0,0,11,2019,7
2019-07-12,126.63,127.07,125.95,127.03,1639400,0.0,0,12,2019,7
2019-07-15,127.32,127.75,126.83,127.64,2355700,0.0,0,15,2019,7
2019-07-16,128.28,128.4,126.87,127.13,2734000,0.0,0,16,2019,7
2019-07-17,127.09,127.71,126.09,126.16,2248900,0.0,0,17,2019,7
2019-07-18,125.77,128.15,125.74,127.47,3528400,0.0,0,18,2019,7
2019-07-19,125.88,127.07,122.9,123.91,7819000,0.0,0,19,2019,7
2019-07-22,123.85,125.1,123.8,125.09,4839700,0.0,0,22,2019,7
2019-07-23,125.46,128.04,125.44,127.27,4055100,0.0,0,23,2019,7
2019-07-24,126.78,127.29,125.87,127.02,3628300,0.0,0,24,2019,7
2019-07-25,126.88,127.26,125.58,126.23,2663500,0.0,0,25,2019,7
2019-07-26,126.17,126.64,125.38,125.86,4236200,0.0,0,26,2019,7
2019-07-29,125.99,126.54,125.62,126.27,1829500,0.0,0,29,2019,7
2019-07-30,125.65,125.99,125.38,125.55,1575400,0.0,0,30,2019,7
2019-07-31,125.61,125.67,122.72,123.47,3221000,0.0,0,31,2019,7
2019-08-01,122.87,125.22,122.62,123.19,4489800,0.0,0,01,2019,8
2019-08-02,123.02,124.0,122.19,123.41,3268800,0.0,0,02,2019,8
2019-08-05,121.57,122.19,119.29,119.84,5876200,0.0,0,05,2019,8
2019-08-06,120.18,121.96,119.99,121.66,3497000,0.0,0,06,2019,8
2019-08-07,120.04,122.95,119.35,122.64,3170800,0.0,0,07,2019,8
2019-08-08,122.95,124.79,122.8,124.38,2976100,0.0,0,08,2019,8
2019-08-09,124.67,125.82,123.82,125.26,2138300,0.0,0,09,2019,8
2019-08-12,124.08,124.8,122.9,123.05,2638800,0.0,0,12,2019,8
2019-08-13,122.96,125.58,121.62,125.4,3175700,0.0,0,13,2019,8
2019-08-14,123.45,124.42,121.24,121.76,5626300,0.0,0,14,2019,8
2019-08-15,121.76,122.11,120.26,121.49,3031700,0.0,0,15,2019,8
2019-08-16,122.6,123.85,121.8,123.73,2343400,0.0,0,16,2019,8
2019-08-19,125.19,125.24,123.44,123.5,3286700,0.0,0,19,2019,8
2019-08-20,122.73,122.88,120.46,120.54,3641600,0.0,0,20,2019,8
2019-08-21,121.61,122.17,121.11,121.61,2948300,0.0,0,21,2019,8
2019-08-22,122.42,122.81,120.89,121.38,2322100,0.0,0,22,2019,8
2019-08-23,121.12,121.17,116.21,116.91,4800400,0.0,0,23,2019,8
2019-08-26,117.47,118.08,116.53,117.67,3170600,0.0,0,26,2019,8
2019-08-27,118.23,118.47,116.0,116.9,3145800,0.0,0,27,2019,8
2019-08-28,116.18,118.44,116.12,118.23,2327400,0.0,0,28,2019,8
2019-08-29,119.59,120.32,119.09,119.86,1901300,0.0,0,29,2019,8
2019-08-30,120.59,120.78,118.95,119.5,2366200,0.0,0,30,2019,8
2019-09-03,118.99,119.41,116.67,116.75,3198700,0.0,0,03,2019,9
2019-09-04,117.56,117.87,116.95,117.54,3746900,0.0,0,04,2019,9
2019-09-05,118.63,120.75,118.63,119.8,5261100,0.0,0,05,2019,9
2019-09-06,120.26,120.31,119.13,119.32,4552400,0.0,0,06,2019,9
2019-09-09,120.33,120.53,118.65,119.05,5336000,0.0,0,09,2019,9
2019-09-10,118.73,118.74,115.46,116.46,6196100,0.0,0,10,2019,9
2019-09-11,116.27,117.24,115.9,117.14,3674400,0.0,0,11,2019,9
2019-09-12,118.14,119.56,117.92,118.16,3733500,0.0,0,12,2019,9
2019-09-13,118.38,119.1,117.43,118.34,3883700,0.0,0,13,2019,9
2019-09-16,117.28,117.58,115.83,116.79,4280600,0.0,0,16,2019,9
2019-09-17,117.05,118.27,116.65,118.19,3054700,0.0,0,17,2019,9
2019-09-18,117.73,117.94,116.62,117.88,2844500,0.0,0,18,2019,9
2019-09-19,117.75,118.65,116.75,116.94,1975800,0.0,0,19,2019,9
2019-09-20,116.98,117.38,115.53,115.95,5301500,0.0,0,20,2019,9
2019-09-23,115.52,117.56,115.26,117.38,5089400,0.0,0,23,2019,9
2019-09-24,118.03,119.33,116.67,117.31,5128400,0.0,0,24,2019,9
2019-09-25,117.01,118.57,116.21,118.26,2742900,0.0,0,25,2019,9
2019-09-26,118.44,119.16,117.98,118.05,3411200,0.0,0,26,2019,9
2019-09-27,118.27,118.75,117.12,117.73,2909200,0.0,0,27,2019,9
2019-09-30,118.19,118.38,117.28,117.42,2345800,0.0,0,30,2019,9
2019-10-01,117.84,118.63,115.76,115.85,2841300,0.0,0,01,2019,10
2019-10-02,114.92,114.97,111.93,112.04,4908800,0.0,0,02,2019,10
2019-10-03,111.81,112.57,110.68,112.16,3529300,0.43,0,03,2019,10
2019-10-04,112.27,114.13,112.21,114.01,2728200,0.0,0,04,2019,10
2019-10-07,113.52,114.25,113.21,113.26,2556000,0.0,0,07,2019,10
2019-10-08,112.44,113.26,111.66,112.15,3757300,0.0,0,08,2019,10
2019-10-09,112.86,114.37,112.84,113.53,2365600,0.0,0,09,2019,10
2019-10-10,114.41,115.39,113.54,114.62,2384300,0.0,0,10,2019,10
2019-10-11,116.34,117.16,115.79,116.0,2860400,0.0,0,11,2019,10
2019-10-14,115.74,116.6,115.54,115.99,1864400,0.0,0,14,2019,10
2019-10-15,116.63,117.78,116.33,117.18,2379700,0.0,0,15,2019,10
2019-10-16,117.22,117.58,116.67,117.0,2136700,0.0,0,16,2019,10
2019-10-17,117.6,118.92,117.55,118.69,3005500,0.0,0,17,2019,10
2019-10-18,119.32,119.57,116.27,116.36,6188500,0.0,0,18,2019,10
2019-10-21,117.14,118.97,117.08,118.64,4259500,0.0,0,21,2019,10
2019-10-22,118.26,118.94,117.88,118.2,3912100,0.0,0,22,2019,10
2019-10-23,118.01,118.82,115.11,116.09,3921100,0.0,0,23,2019,10
2019-10-24,116.04,116.5,115.74,116.01,2551300,0.0,0,24,2019,10
2019-10-25,115.96,118.1,115.87,117.85,2324800,0.0,0,25,2019,10
2019-10-28,118.23,118.89,117.66,118.17,2552700,0.0,0,28,2019,10
2019-10-29,117.68,118.42,116.68,117.01,2756300,0.0,0,29,2019,10
2019-10-30,117.03,117.76,116.46,117.66,2264200,0.0,0,30,2019,10
2019-10-31,117.38,117.8,116.49,116.87,2507400,0.0,0,31,2019,10
2019-11-01,118.0,119.04,117.76,118.73,2036500,0.0,0,01,2019,11
2019-11-04,119.21,120.08,118.6,119.21,1956400,0.0,0,04,2019,11
2019-11-05,119.43,119.55,117.35,118.36,2630000,0.0,0,05,2019,11
2019-11-06,118.48,119.31,118.48,119.28,2420700,0.0,0,06,2019,11
2019-11-07,119.85,122.01,119.69,120.86,2845000,0.0,0,07,2019,11
2019-11-08,120.59,121.39,120.47,121.05,1984600,0.0,0,08,2019,11
2019-11-11,120.34,121.39,120.09,120.48,1704100,0.0,0,11,2019,11
2019-11-12,120.45,120.81,119.99,120.47,2012400,0.0,0,12,2019,11
2019-11-13,119.85,120.55,119.72,119.84,1807900,0.0,0,13,2019,11
2019-11-14,119.59,120.56,119.39,120.51,1990600,0.0,0,14,2019,11
2019-11-15,120.56,120.91,119.97,120.34,2341500,0.0,0,15,2019,11
2019-11-18,120.14,120.43,118.99,119.25,2617900,0.0,0,18,2019,11
2019-11-19,119.6,120.03,119.45,119.59,1891000,0.0,0,19,2019,11
2019-11-20,119.42,119.81,118.52,118.89,2544100,0.0,0,20,2019,11
2019-11-21,118.88,119.06,118.08,118.39,2783800,0.0,0,21,2019,11
2019-11-22,118.8,118.88,118.0,118.65,1629700,0.0,0,22,2019,11
2019-11-25,118.73,120.18,118.73,120.18,2285400,0.0,0,25,2019,11
2019-11-26,120.49,120.62,119.19,119.38,4596200,0.0,0,26,2019,11
2019-11-27,119.59,119.94,118.94,119.91,2629700,0.0,0,27,2019,11
2019-11-29,119.66,120.47,119.37,119.71,1961500,0.0,0,29,2019,11
2019-12-02,119.89,119.94,116.67,116.85,5538200,0.0,0,02,2019,12
2019-12-03,115.64,116.35,114.25,116.17,3792300,0.0,0,03,2019,12
2019-12-04,116.9,118.13,116.6,117.53,2444100,0.0,0,04,2019,12
2019-12-05,117.5,118.02,117.18,117.87,3128300,0.0,0,05,2019,12
2019-12-06,119.79,121.02,119.5,120.19,3287600,0.0,0,06,2019,12
2019-12-09,120.02,121.11,119.7,120.04,2885200,0.0,0,09,2019,12
2019-12-10,120.03,121.05,119.62,120.48,2518200,0.0,0,10,2019,12
2019-12-11,120.46,120.96,119.69,120.22,2015300,0.0,0,11,2019,12
2019-12-12,120.18,122.64,119.64,122.22,2933800,0.0,0,12,2019,12
2019-12-13,122.05,124.56,121.66,124.29,3919000,0.0,0,13,2019,12
2019-12-16,125.22,125.89,122.91,123.25,3416100,0.0,0,16,2019,12
2019-12-17,123.56,124.97,122.82,124.52,4325200,0.0,0,17,2019,12
2019-12-18,124.6,124.64,123.65,123.83,3154200,0.0,0,18,2019,12
2019-12-19,123.75,124.47,123.45,124.4,2543600,0.0,0,19,2019,12
2019-12-20,125.43,125.84,124.4,125.34,5828700,0.0,0,20,2019,12
2019-12-23,125.31,125.31,123.27,124.06,3031400,0.0,0,23,2019,12
2019-12-24,124.52,124.9,123.95,124.31,953500,0.0,0,24,2019,12
2019-12-26,124.55,125.01,124.1,124.98,1486600,0.0,0,26,2019,12
2019-12-27,125.41,125.53,124.68,124.76,1788600,0.0,0,27,2019,12
2019-12-30,124.77,125.03,123.75,123.87,2306500,0.0,0,30,2019,12
2019-12-31,123.86,124.14,123.35,124.06,2340400,0.0,0,31,2019,12
2020-01-02,124.66,126.27,124.23,125.85,2708000,0.43,0,02,2020,1
2020-01-03,124.32,125.1,123.94,124.6,2090600,0.0,0,03,2020,1
2020-01-06,123.37,124.16,123.12,124.06,2855200,0.0,0,06,2020,1
2020-01-07,123.47,124.4,123.36,123.41,2042300,0.0,0,07,2020,1
2020-01-08,124.05,126.36,123.8,125.54,3458200,0.0,0,08,2020,1
2020-01-09,126.49,127.88,126.39,127.81,2787100,0.0,0,09,2020,1
2020-01-10,127.58,128.17,126.92,127.28,2789200,0.0,0,10,2020,1
2020-01-13,127.84,128.95,127.63,128.54,3285700,0.0,0,13,2020,1
2020-01-14,128.62,130.09,128.34,128.8,3836000,0.0,0,14,2020,1
2020-01-15,128.69,129.84,128.45,129.82,3187200,0.0,0,15,2020,1
2020-01-16,130.5,130.93,129.71,130.55,2424500,0.0,0,16,2020,1
2020-01-17,131.45,131.86,130.79,131.52,3659400,0.0,0,17,2020,1
2020-01-21,131.11,131.82,130.39,130.53,3102700,0.0,0,21,2020,1
2020-01-22,130.93,132.27,130.93,131.49,2483800,0.0,0,22,2020,1
2020-01-23,131.26,131.57,130.14,131.37,3841000,0.0,0,23,2020,1
2020-01-24,136.36,138.13,133.85,135.11,8612500,0.0,0,24,2020,1
2020-01-27,131.15,131.98,128.87,130.64,6432400,0.0,0,27,2020,1
2020-01-28,132.0,133.87,131.14,132.45,3712700,0.0,0,28,2020,1
2020-01-29,132.48,133.13,131.44,131.68,2518400,0.0,0,29,2020,1
2020-01-30,130.75,133.33,130.44,133.22,2428500,0.0,0,30,2020,1
2020-01-31,132.17,132.25,129.38,129.87,3522600,0.0,0,31,2020,1
2020-02-03,130.55,132.22,130.45,131.0,2721900,0.0,0,03,2020,2
2020-02-04,132.88,133.34,131.72,131.85,2547500,0.0,0,04,2020,2
2020-02-05,133.43,133.8,131.29,133.6,4084500,0.0,0,05,2020,2
2020-02-06,134.16,134.35,133.11,133.25,1708600,0.0,0,06,2020,2
2020-02-07,132.57,132.75,131.34,131.82,2885600,0.0,0,07,2020,2
2020-02-10,131.61,132.5,131.35,132.24,1816500,0.0,0,10,2020,2
2020-02-11,133.03,133.65,132.32,132.63,1733300,0.0,0,11,2020,2
2020-02-12,133.39,133.72,132.53,133.24,1715400,0.0,0,12,2020,2
2020-02-13,133.15,134.67,133.06,134.46,3178300,0.0,0,13,2020,2
2020-02-14,134.71,136.37,134.53,135.87,2360300,0.0,0,14,2020,2
2020-02-18,135.87,136.75,134.94,135.6,2428200,0.0,0,18,2020,2
2020-02-19,136.3,137.42,136.12,136.93,1785000,0.0,0,19,2020,2
2020-02-20,136.41,138.04,134.9,136.58,2541700,0.0,0,20,2020,2
2020-02-21,136.2,136.27,133.89,134.9,3106100,0.0,0,21,2020,2
2020-02-24,129.43,130.96,127.23,128.19,6329300,0.0,0,24,2020,2
2020-02-25,127.71,127.99,119.91,120.9,7628100,0.0,0,25,2020,2
2020-02-26,121.27,122.43,118.47,118.5,5268000,0.0,0,26,2020,2
2020-02-27,115.9,117.48,112.78,112.81,8279800,0.0,0,27,2020,2
2020-02-28,109.05,111.03,107.0,109.93,11363600,0.0,0,28,2020,2
2020-03-02,111.11,113.99,108.59,113.87,9851600,0.0,0,02,2020,3
2020-03-03,115.02,116.4,107.0,108.01,9285000,0.0,0,03,2020,3
2020-03-04,110.25,115.79,109.25,115.7,7470900,0.0,0,04,2020,3
2020-03-05,111.62,112.59,109.7,110.94,12060600,0.0,0,05,2020,3
2020-03-06,105.73,108.77,103.79,108.24,9897700,0.0,0,06,2020,3
2020-03-09,100.87,101.44,96.94,98.29,12266300,0.0,0,09,2020,3
2020-03-10,101.93,103.37,97.45,103.3,9793200,0.0,0,10,2020,3
2020-03-11,100.3,100.96,93.87,95.38,8822900,0.0,0,11,2020,3
2020-03-12,87.66,89.61,81.81,83.53,12206600,0.0,0,12,2020,3
